10000 0
20000 0
30000 667333
40000 856857
50000 800400
60000 875125
70000 874750
80000 916500
90000 915833
100000 916750
110000 937375
120000 941058
130000 954590
140000 958583
150000 956608
160000 2038615
170000 1032387
180000 1259592
190000 1133966
200000 1025200
210000 1057314
220000 1030272
230000 971514
240000 1025769
250000 1027694
260000 1047785
270000 1176490
280000 1078509
290000 1170188
300000 1148277
310000 1200072
320000 1339339
330000 1385859
340000 1344913
350000 1356016
360000 1466800
370000 1683516
380000 1524737
390000 1645419
400000 1746285
410000 1625343
420000 1593921
430000 1615753
440000 1772893
450000 1835865
460000 2015343
470000 2426750
480000 1811724
490000 2042542
500000 2014457
510000 2014323
520000 2083722
530000 2083708
540000 2027452
550000 2067716
560000 2203027
570000 2187146
580000 2210855
590000 2276118
600000 2259896
610000 2410500
620000 2243705
630000 2278367
640000 2262225
650000 2324837
660000 2345666
670000 2481432
680000 2512231
690000 2626421
700000 2722012
710000 2725773
720000 2702666
730000 3070741
740000 2849104
750000 2977151
760000 2919551
770000 2953942
780000 2988647
790000 3307215
800000 3056348
810000 3400377
820000 3544822
830000 3527549
840000 4528219
850000 4130923
860000 4239771
870000 4075483
880000 3720698
890000 3638765
900000 3244851
910000 3368568
920000 3578831
930000 3416854
940000 3510520
950000 3515752
960000 3515371
970000 3367265
980000 3989989
990000 4222353
1000000 3989930
1010000 3859710
1020000 3990180
1030000 3990138
1040000 4029168
1050000 3882382
1060000 4176372
1070000 3922184
1080000 4359106
1090000 4423144
1100000 5009067
1110000 4427285
1120000 4190276
1130000 4225641
1140000 4197754
1150000 4668065
1160000 4363682
1170000 4832796
1180000 4489435
1190000 4476357
1200000 4411752
1210000 4490445
1220000 4362981
1230000 4872081
1240000 4585063
1250000 4675477
1260000 4847848
1270000 4865785
1280000 4902176
1290000 5858070
1300000 5771631
1310000 5535421
1320000 5254535
1330000 5556860
1340000 5496069
1350000 5172715
1360000 5776112
1370000 5504666
1380000 5906239
1390000 5983418
1400000 5829966
1410000 5661000
1420000 5360579
1430000 5369563
1440000 5649983
1450000 5608275
1460000 5416058
1470000 5817471
1480000 5866644
1490000 6147508
1500000 6590606
1510000 6574262
1520000 6488235
1530000 6374585
1540000 6693983
1550000 6613508
1560000 6266532
1570000 6584448
1580000 7016648
1590000 6492420
1600000 6492468
1610000 6778031
1620000 6937385
1630000 7008362
1640000 6844296
1650000 6930312
1660000 6969250
1670000 7209868
1680000 7233054
1690000 6769869
1700000 6792776
1710000 7061915
1720000 7175748
1730000 6977480
1740000 6763160
1750000 6553015
1760000 6848492
1770000 7653593
1780000 7699398
1790000 7037789
1800000 6939992
1810000 6999791
1820000 6902522
1830000 6844222
1840000 7784555
1850000 7242323
1860000 7147088
1870000 7558779
1880000 7043569
1890000 7795562
1900000 7430620
1910000 7261065
1920000 7166101
1930000 7441731
1940000 7496309
1950000 7647244
1960000 7628550
1970000 7557342
1980000 7878392
1990000 7808609
2000000 7638134
2010000 7978815
2020000 7619563
2030000 7662147
2040000 7936647
2050000 7888307
2060000 8021230
2070000 8076986
2080000 8159444
2090000 8180562
2100000 8000125
2110000 8124096
2120000 8130813
2130000 8420420
2140000 8452294
2150000 8630226
2160000 8437931
2170000 9156244
2180000 8768455
2190000 9128836
2200000 9486608
2210000 9466864
2220000 9162939
2230000 8913630
2240000 9759302
2250000 9267293
2260000 9167220
2270000 9653980
2280000 10620160
2290000 10470854
2300000 9881139
2310000 9655807
2320000 10691526
2330000 10217394
2340000 10026730
2350000 10137692
2360000 9569339
2370000 9674032
2380000 9383798
2390000 9409974
2400000 9604668
2410000 9607367
2420000 9200780
2430000 9994419
2440000 10564980
2450000 9737961
2460000 9737884
2470000 9949783
2480000 9994420
2490000 9573910
2500000 9912386
2510000 10020025
2520000 10064056
2530000 10566836
2540000 10654849
2550000 10302685
2560000 10600700
2570000 10394593
2580000 10594493
2590000 10419493
2600000 10249236
2610000 10466614
2620000 10659093
2630000 11031660
2640000 13266456
2650000 11500901
2660000 11264693
2670000 11639147
2680000 11165883
2690000 11152621
2700000 10896945
2710000 10835865
2720000 10420560
2730000 10897400
2740000 10769963
2750000 11721836
2760000 11644740
2770000 12229632
2780000 11090421
2790000 11760934
2800000 11599502
2810000 11534035
2820000 11707646
2830000 11662017
2840000 11471291
2850000 11977458
2860000 11764349
2870000 12036982
2880000 11503881
2890000 11212705
2900000 11901105
2910000 11777364
2920000 12483523
2930000 12287479
2940000 12574081
2950000 12989754
2960000 12390738
2970000 12658540
2980000 13617901
2990000 13338720
3000000 13885682
3010000 13758606
3020000 13689502
3030000 13743126
3040000 13111689
3050000 13621672
3060000 12949293
3070000 12572354
3080000 12566640
3090000 13272222
3100000 12921068
3110000 13074909
3120000 13512448
3130000 13205562
3140000 13503706
3150000 13441672
3160000 13797124
3170000 13506679
3180000 13933601
3190000 14180780
3200000 13927938
3210000 13788754
3220000 14056916
3230000 14475983
3240000 14423427
3250000 14551161
3260000 15006694
3270000 15140077
3280000 14923767
3290000 14929436
3300000 14586812
3310000 14724955
3320000 14253934
3330000 14473593
3340000 15391401
3350000 15323601
3360000 14427409
3370000 14689546
3380000 14782497
3390000 14691331
3400000 14517554
3410000 14620570
3420000 14930494
3430000 14930940
3440000 14730881
3450000 15336454
3460000 15388537
3470000 15829220
3480000 15533456
3490000 15587360
3500000 15856844
3510000 15434401
3520000 15129593
3530000 14808844
3540000 14773202
3550000 15166164
3560000 15219521
3570000 15182287
3580000 15715783
3590000 15117947
3600000 14858566
3610000 14601552
3620000 15364600
3630000 15148778
3640000 14932894
3650000 15121691
3660000 15262968
3670000 15944015
3680000 15331167
3690000 15188927
3700000 15824338
3710000 16345041
3720000 15761786
3730000 15768051
3740000 16068699
3750000 16151575
3760000 16374404
3770000 16300536
3780000 15810675
3790000 15784927
3800000 16625211
3810000 16663123
3820000 16806625
3830000 16519379
3840000 16280907
3850000 15894183
3860000 16858525
3870000 17164591
3880000 18052408
3890000 17595609
3900000 17118187
3910000 17235213
3920000 16321360
3930000 16471166
3940000 17042116
3950000 17435964
3960000 17597323
3970000 16996527
3980000 17435376
3990000 17458738
4000000 17686795
4010000 18397000
4020000 17531515
4030000 17173940
4040000 17711405
4050000 17588442
4060000 17777810
4070000 17834487
4080000 17362000
4090000 19106074
4100000 18704658
4110000 18853079
4120000 18160336
4130000 18439960
4140000 18405408
4150000 18267364
4160000 18508798
4170000 18320117
4180000 17374132
4190000 17785852
4200000 17869289
4210000 17567380
4220000 17552800
4230000 17601458
4240000 18030731
4250000 17807373
4260000 18147305
4270000 18118106
4280000 18084106
4290000 18426903
4300000 19982362
4310000 19102159
4320000 19817946
4330000 18674615
4340000 19434278
4350000 19775615
4360000 19503456
4370000 18374885
4380000 18059229
4390000 18819741
4400000 18480239
4410000 18553980
4420000 18273019
4430000 18777814
4440000 18796852
4450000 18839800
4460000 18290810
4470000 19025255
4480000 19584805
4490000 20599028
4500000 19902834
4510000 20251858
4520000 20294349
4530000 20152523
4540000 21250586
4550000 19668460
4560000 21804507
4570000 20992375
4580000 20310084
4590000 21649018
4600000 21141822
4610000 20922107
4620000 20674490
4630000 21183195
4640000 20569051
4650000 22308804
4660000 21294725
4670000 21158981
4680000 20427537
4690000 21399884
4700000 22071157
4710000 20554539
4720000 21047774
4730000 20937175
4740000 20734345
4750000 21047718
4760000 21969463
4770000 22754045
4780000 21474114
4790000 21483458
4800000 22225438
4810000 22777986
4820000 22686744
4830000 23837378
4840000 21515309
4850000 22019731
4860000 21460722
4870000 22169831
4880000 22190390
4890000 22332004
4900000 22196190
4910000 22160013
4920000 22064832
4930000 22141355
4940000 22285527
4950000 22812558
4960000 22402599
4970000 22393653
4980000 22894107
4990000 22750533
5000000 22526309
5010000 22943457
5020000 23126879
5030000 22952750
5040000 23693803
5050000 22872308
5060000 23229406
5070000 22979520
5080000 23837488
5090000 23828551
5100000 23259604
5110000 21771893
