10000 0
20000 0
30000 0
40000 0
50000 0
60000 0
70000 0
80000 0
90000 1001000
100000 0
110000 999000
120000 0
130000 1001000
140000 0
150000 0
160000 997000
170000 0
180000 0
190000 1003000
200000 0
210000 1005000
220000 1001000
230000 999000
240000 1001000
250000 997000
260000 1000000
270000 1999000
280000 999000
290000 1002000
300000 1001000
310000 2000000
320000 999000
330000 999000
340000 1000000
350000 1000000
360000 1999000
370000 2000000
380000 1000000
390000 1999000
400000 997000
410000 999000
420000 2002000
430000 1000000
440000 1997000
450000 1999000
460000 2000000
470000 1997000
480000 1999000
490000 1994000
500000 1999000
510000 2005000
520000 1997000
530000 3000000
540000 1999000
550000 2000000
560000 1999000
570000 2996000
580000 3000000
590000 2993000
600000 2999000
610000 2999000
620000 2001000
630000 3000000
640000 3001000
650000 4000000
660000 2999000
670000 3000000
680000 4004000
690000 3000000
700000 2999000
710000 3000000
720000 4002000
730000 3000000
740000 3001000
750000 4000000
760000 3001000
770000 2998000
780000 3999000
790000 3997000
800000 2997000
810000 7005000
820000 3997000
830000 3993000
840000 4999000
850000 5000000
860000 5008000
870000 3995000
880000 5001000
890000 4999000
900000 3999000
910000 5999000
920000 4998000
930000 4999000
940000 5999000
950000 4000000
960000 4001000
970000 4000000
980000 6001000
990000 4000000
1000000 4999000
1010000 6009000
1020000 5998000
1030000 4999000
1040000 6003000
1050000 6001000
1060000 4996000
1070000 6001000
1080000 5001000
1090000 5000000
1100000 5999000
1110000 5999000
1120000 5001000
1130000 4001000
1140000 5005000
1150000 4999000
1160000 6001000
1170000 4995000
1180000 5000000
1190000 5000000
1200000 5001000
1210000 5000000
1220000 5000000
1230000 5003000
1240000 5998000
1250000 6007000
1260000 6000000
1270000 4999000
1280000 5996000
1290000 7001000
1300000 6001000
1310000 5000000
1320000 6001000
1330000 6003000
1340000 6001000
1350000 6000000
1360000 6001000
1370000 6002000
1380000 5996000
1390000 5998000
1400000 5001000
1410000 8004000
1420000 6000000
1430000 6001000
1440000 6000000
1450000 7002000
1460000 7001000
1470000 8001000
1480000 6000000
1490000 8000000
1500000 6000000
1510000 6002000
1520000 7001000
1530000 6000000
1540000 7002000
1550000 6002000
1560000 8002000
1570000 8000000
1580000 6001000
1590000 8999000
1600000 7000000
1610000 7002000
1620000 9000000
1630000 7000000
1640000 7001000
1650000 8003000
1660000 8001000
1670000 8000000
1680000 9001000
1690000 9001000
1700000 8005000
1710000 8010000
1720000 9998000
1730000 8000000
1740000 8002000
1750000 8001000
1760000 8998000
1770000 9004000
1780000 8001000
1790000 9001000
1800000 8001000
1810000 9001000
1820000 8000000
1830000 10005000
1840000 9001000
1850000 8001000
1860000 9002000
1870000 9997000
1880000 9001000
1890000 8998000
1900000 10000000
1910000 9999000
1920000 9999000
1930000 10001000
1940000 8001000
1950000 11002000
1960000 8996000
1970000 7997000
1980000 8990000
1990000 8000000
2000000 8000000
2010000 8001000
2020000 9001000
2030000 10001000
2040000 11001000
2050000 10001000
2060000 11001000
2070000 11001000
2080000 10002000
2090000 11001000
2100000 11001000
2110000 10989000
2120000 11004000
2130000 11000000
2140000 9001000
2150000 11002000
2160000 11001000
2170000 12000000
2180000 12006000
2190000 9000000
2200000 11003000
2210000 13012000
2220000 10005000
2230000 12000000
2240000 12003000
2250000 12001000
2260000 11002000
2270000 12001000
2280000 12000000
2290000 10001000
2300000 12993000
2310000 11003000
2320000 10001000
2330000 12000000
2340000 12998000
2350000 12001000
2360000 9998000
2370000 13007000
2380000 13003000
2390000 12000000
2400000 11001000
2410000 10001000
2420000 14001000
2430000 11001000
2440000 15001000
2450000 11001000
2460000 13001000
2470000 14001000
2480000 12999000
2490000 14001000
2500000 13001000
2510000 16005000
2520000 13998000
2530000 13001000
2540000 14002000
2550000 14001000
2560000 14001000
2570000 14006000
2580000 16001000
2590000 12001000
2600000 10999000
2610000 15002000
2620000 14000000
2630000 14002000
2640000 14001000
2650000 13002000
2660000 13999000
2670000 12001000
2680000 14005000
2690000 17004000
2700000 15004000
2710000 13001000
2720000 15001000
2730000 15001000
2740000 15002000
2750000 12001000
2760000 15001000
2770000 15001000
2780000 16001000
2790000 12001000
2800000 15000000
2810000 14999000
2820000 16001000
2830000 15001000
2840000 16000000
2850000 11994000
2860000 15003000
2870000 15000000
2880000 12001000
2890000 12997000
2900000 14005000
2910000 16000000
2920000 17002000
2930000 16001000
2940000 12001000
2950000 16001000
2960000 14001000
2970000 16002000
2980000 18001000
2990000 16000000
3000000 16999000
3010000 16001000
3020000 17001000
3030000 15001000
3040000 16001000
3050000 17001000
3060000 16000000
3070000 17000000
3080000 17001000
3090000 17000000
3100000 18001000
3110000 14001000
3120000 15002000
3130000 17002000
3140000 15001000
3150000 17001000
3160000 16002000
3170000 15002000
3180000 18000000
3190000 17999000
3200000 13001000
3210000 19010000
3220000 15002000
3230000 16003000
3240000 13001000
3250000 16002000
3260000 16002000
3270000 19000000
3280000 17000000
3290000 13004000
3300000 17001000
3310000 17000000
3320000 16002000
3330000 17001000
3340000 18001000
3350000 15002000
3360000 17001000
3370000 18001000
3380000 14001000
3390000 19005000
3400000 17996000
3410000 18999000
3420000 18002000
3430000 17998000
3440000 17002000
3450000 18002000
3460000 19001000
3470000 18001000
3480000 18001000
3490000 19001000
3500000 16002000
3510000 16001000
3520000 20002000
3530000 19001000
3540000 20001000
3550000 17004000
3560000 17000000
3570000 20002000
3580000 20001000
3590000 20001000
3600000 15001000
3610000 16000000
3620000 19997000
3630000 21002000
3640000 19001000
3650000 16001000
3660000 20001000
3670000 19002000
3680000 19995000
3690000 19002000
3700000 17001000
3710000 20002000
3720000 21001000
3730000 21002000
3740000 21999000
3750000 20002000
3760000 20001000
3770000 22001000
3780000 19002000
3790000 16993000
3800000 20003000
3810000 19998000
3820000 17001000
3830000 20001000
3840000 20003000
3850000 18999000
3860000 22001000
3870000 18001000
3880000 21002000
3890000 18001000
3900000 19001000
3910000 20000000
3920000 19001000
3930000 18003000
3940000 19999000
3950000 20001000
3960000 22002000
3970000 22001000
3980000 23002000
3990000 21001000
4000000 21001000
4010000 23001000
4020000 22002000
4030000 20005000
4040000 23002000
4050000 23000000
4060000 23002000
4070000 21002000
4080000 23001000
4090000 20005000
4100000 23000000
4110000 23001000
4120000 18001000
4130000 24002000
4140000 23005000
4150000 23002000
4160000 20000000
4170000 23002000
4180000 20003000
4190000 23002000
4200000 17999000
4210000 22001000
4220000 24003000
4230000 25002000
4240000 25002000
4250000 21002000
4260000 24002000
4270000 25002000
4280000 19001000
4290000 23001000
4300000 19003000
4310000 23003000
4320000 26005000
4330000 20002000
4340000 22004000
4350000 25002000
4360000 22002000
4370000 22002000
4380000 22002000
4390000 24002000
4400000 25001000
4410000 21004000
4420000 26002000
4430000 20001000
4440000 23002000
4450000 20003000
4460000 24002000
4470000 19001000
4480000 23002000
4490000 26002000
4500000 26002000
4510000 25001000
4520000 25001000
4530000 26004000
4540000 22002000
4550000 23002000
4560000 28001000
4570000 24002000
4580000 25992000
4590000 25002000
4600000 21001000
4610000 25003000
4620000 23005000
4630000 24001000
4640000 21000000
4650000 27002000
4660000 25002000
4670000 23001000
4680000 21001000
4690000 26002000
4700000 27002000
4710000 25001000
4720000 23007000
4730000 26003000
4740000 22001000
4750000 26001000
4760000 20001000
4770000 24002000
4780000 23003000
4790000 23998000
4800000 26002000
4810000 26000000
4820000 25999000
4830000 27002000
4840000 26000000
4850000 25001000
4860000 25002000
4870000 26002000
4880000 27002000
4890000 27002000
4900000 21005000
4910000 34003000
4920000 25002000
4930000 27002000
4940000 25002000
4950000 28002000
4960000 29003000
4970000 24993000
4980000 25001000
4990000 24003000
5000000 27002000
5010000 24002000
5020000 25002000
5030000 26002000
5040000 29002000
5050000 27002000
5060000 29006000
5070000 25001000
5080000 28002000
5090000 22001000
5100000 29002000
5110000 27002000
5120000 29002000
5130000 30003000
5140000 23001000
5150000 22000000
5160000 28001000
5170000 28003000
5180000 25003000
5190000 30002000
5200000 26001000
5210000 32000000
5220000 28002000
5230000 29002000
5240000 30005000
5250000 29002000
5260000 25005000
5270000 27002000
5280000 25000000
5290000 25003000
5300000 26002000
5310000 28999000
5320000 30003000
5330000 28002000
5340000 29003000
5350000 24001000
5360000 29000000
5370000 23001000
5380000 29992000
5390000 31007000
5400000 24998000
5410000 30003000
5420000 29003000
5430000 23002000
5440000 28003000
5450000 27003000
5460000 26003000
5470000 30003000
5480000 27998000
5490000 30001000
5500000 29002000
5510000 30002000
5520000 28002000
5530000 27002000
5540000 28002000
5550000 30002000
5560000 30003000
5570000 30002000
5580000 31002000
5590000 27002000
5600000 30999000
5610000 31003000
5620000 32002000
5630000 32001000
5640000 32002000
5650000 30515000
5660000 31002000
5670000 30001000
5680000 31002000
5690000 29008000
5700000 30002000
5710000 25001000
5720000 32002000
5730000 32002000
5740000 32002000
5750000 34003000
5760000 32002000
5770000 30006000
5780000 31003000
5790000 33002000
5800000 27002000
5810000 27002000
5820000 32002000
5830000 32003000
5840000 33002000
5850000 32002000
5860000 32003000
5870000 30004000
5880000 31002000
5890000 34002000
5900000 33002000
5910000 36003000
5920000 34000000
5930000 26003000
5940000 34003000
5950000 30001000
5960000 35002000
5970000 32003000
5980000 33002000
5990000 35003000
6000000 37999000
6010000 37000000
6020000 36003000
6030000 36006000
6040000 35002000
6050000 34003000
6060000 34003000
6070000 35002000
6080000 32002000
6090000 35003000
6100000 34002000
6110000 35002000
6120000 35004000
6130000 36002000
6140000 35003000
6150000 35006000
6160000 32002000
6170000 31003000
6180000 37002000
6190000 39002000
6200000 36002000
6210000 35003000
6220000 34002000
6230000 35004000
6240000 35003000
6250000 34007000
6260000 37002000
6270000 36002000
6280000 35003000
6290000 30002000
6300000 35002000
6310000 28004000
6320000 36003000
6330000 35003000
6340000 29002000
6350000 36003000
6360000 32002000
6370000 36002000
6380000 35003000
6390000 36002000
6400000 28001000
6410000 31002000
6420000 32002000
6430000 36002000
6440000 33002000
6450000 38004000
6460000 37003000
6470000 35999000
6480000 34003000
6490000 32005000
6500000 38001000
6510000 33003000
6520000 36997000
6530000 37003000
6540000 31003000
6550000 37004000
6560000 28002000
6570000 37002000
6580000 38002000
6590000 36003000
6600000 27002000
6610000 30002000
6620000 39003000
6630000 37003000
6640000 37003000
6650000 35003000
6660000 39005000
6670000 34995000
6680000 38003000
6690000 37002000
6700000 39004000
6710000 40003000
6720000 28004000
6730000 38000000
6740000 36002000
6750000 36003000
6760000 38003000
6770000 33002000
6780000 34003000
6790000 39005000
6800000 42002000
6810000 39003000
6820000 33003000
6830000 35001000
6840000 39003000
6850000 40004000
6860000 39003000
6870000 40003000
6880000 31003000
6890000 32002000
6900000 39002000
6910000 39003000
6920000 40004000
6930000 41002000
6940000 40003000
6950000 33006000
6960000 37003000
6970000 43002000
6980000 38003000
6990000 41003000
7000000 35002000
7010000 40003000
7020000 39003000
7030000 39004000
7040000 34002000
7050000 39002000
7060000 38002000
7070000 33002000
7080000 41004000
7090000 33002000
7100000 43004000
7110000 41003000
7120000 38002000
7130000 38005000
7140000 41002000
7150000 42004000
7160000 43003000
7170000 41003000
7180000 42004000
7190000 42004000
7200000 42002000
7210000 38003000
7220000 41002000
7230000 39003000
7240000 34002000
7250000 44002000
7260000 43001000
7270000 42003000
7280000 44004000
7290000 38004000
7300000 40003000
7310000 42003000
7320000 41002000
7330000 33005000
7340000 42003000
7350000 40003000
7360000 43003000
7370000 40004000
7380000 45002000
7390000 45004000
7400000 43998000
7410000 43003000
7420000 34003000
7430000 42004000
7440000 40003000
7450000 44003000
7460000 34003000
7470000 42005000
7480000 44003000
7490000 45004000
7500000 35004000
7510000 33003000
7520000 43003000
7530000 43004000
7540000 33003000
7550000 36003000
7560000 43004000
7570000 43003000
7580000 43003000
7590000 44004000
7600000 44004000
7610000 40003000
7620000 38000000
7630000 44003000
7640000 40004000
7650000 45003000
7660000 40003000
7670000 48003000
7680000 45003000
7690000 44003000
7700000 35001000
7710000 44004000
7720000 44003000
7730000 45004000
7740000 37003000
7750000 47003000
7760000 43003000
7770000 38002000
7780000 45005000
7790000 43005000
7800000 43004000
7810000 39004000
7820000 39003000
7830000 45003000
7840000 45003000
7850000 46003000
7860000 46003000
7870000 42003000
7880000 44004000
7890000 42004000
7900000 38002000
7910000 44005000
7920000 37004000
7930000 40006000
7940000 46003000
7950000 46004000
7960000 46005000
7970000 46005000
7980000 47004000
7990000 46004000
8000000 46018000
8010000 39003000
8020000 42003000
8030000 39988000
8040000 50004000
8050000 48005000
8060000 35003000
8070000 48006000
8080000 47005000
8090000 43002000
8100000 40003000
8110000 46005000
8120000 46003000
8130000 47004000
8140000 34000000
8150000 45004000
8160000 47004000
8170000 47003000
8180000 56005000
8190000 48004000
8200000 39003000
8210000 43004000
8220000 47004000
8230000 45003000
8240000 49004000
8250000 47004000
8260000 45004000
8270000 48004000
8280000 50005000
8290000 55004000
8300000 47002000
8310000 45004000
8320000 47004000
8330000 48004000
8340000 46002000
8350000 49004000
8360000 47004000
8370000 36004000
8380000 48003000
8390000 48005000
8400000 39003000
8410000 47993000
8420000 48006000
8430000 50004000
8440000 49004000
8450000 46003000
8460000 35004000
8470000 37002000
8480000 36003000
8490000 49004000
8500000 48004000
8510000 49004000
8520000 44002000
8530000 47003000
8540000 47006000
8550000 43003000
8560000 39003000
8570000 47004000
8580000 47003000
8590000 49005000
8600000 46005000
8610000 51004000
8620000 43004000
8630000 50004000
8640000 49003000
8650000 37002000
8660000 50005000
8670000 47999000
8680000 50004000
8690000 47004000
8700000 40003000
8710000 51004000
8720000 51003000
8730000 44004000
8740000 50004000
8750000 47004000
8760000 43002000
8770000 51004000
8780000 50004000
8790000 45006000
8800000 49004000
8810000 45004000
8820000 50004000
8830000 52004000
8840000 47010000
8850000 50004000
8860000 51004000
8870000 41986000
8880000 45006000
8890000 44003000
8900000 50005000
8910000 53004000
8920000 52004000
8930000 52002000
8940000 53001000
8950000 52006000
8960000 47004000
8970000 51003000
8980000 52004000
8990000 49007000
9000000 53003000
9010000 56001000
9020000 53004000
9030000 59003000
9040000 52004000
9050000 52003000
9060000 52004000
9070000 45004000
9080000 52004000
9090000 42004000
9100000 44003000
9110000 53004000
9120000 50002000
9130000 53004000
9140000 51003000
9150000 51002000
9160000 49004000
9170000 40002000
9180000 51004000
9190000 53003000
9200000 49004000
9210000 56002000
9220000 52004000
9230000 52004000
9240000 53004000
9250000 50004000
9260000 53005000
9270000 46003000
9280000 43004000
9290000 55004000
9300000 53004000
9310000 46003000
9320000 51007000
9330000 49001000
9340000 57004000
9350000 54004000
9360000 51004000
9370000 54004000
9380000 46002000
9390000 50004000
9400000 54004000
9410000 54004000
9420000 47003000
9430000 55004000
9440000 56004000
9450000 56002000
9460000 56004000
9470000 50004000
9480000 53004000
9490000 40006000
9500000 52005000
9510000 55004000
9520000 50003000
9530000 54002000
9540000 56005000
9550000 55007000
9560000 47004000
9570000 45004000
9580000 57004000
9590000 56999000
9600000 40003000
9610000 52003000
9620000 51004000
9630000 56005000
9640000 55003000
9650000 49004000
9660000 57011000
9670000 59005000
9680000 57004000
9690000 53004000
9700000 56004000
9710000 57004000
9720000 62004000
9730000 57004000
9740000 55004000
9750000 51004000
9760000 54006000
9770000 57003000
9780000 46999000
9790000 56004000
9800000 49004000
9810000 54003000
9820000 59016000
9830000 61005000
9840000 57005000
9850000 58005000
9860000 57006000
9870000 54004000
9880000 58004000
9890000 51003000
9900000 58004000
9910000 54003000
9920000 57004000
9930000 46004000
9940000 45003000
9950000 58006000
9960000 56005000
9970000 47004000
9980000 57004000
9990000 58005000
