10000 0
20000 666666
30000 666333
40000 667000
50000 800600
60000 834166
70000 857142
80000 875375
90000 909272
100000 933400
110000 933600
120000 916833
130000 937687
140000 947315
150000 948105
160000 1000600
170000 959640
180000 1210000
190000 1568297
200000 1000121
210000 1000000
220000 1128461
230000 1174875
240000 1142928
250000 1523952
260000 999909
270000 1097960
280000 1077153
290000 1151169
300000 1185277
310000 1109109
320000 1214410
330000 1421421
340000 1310603
350000 1305322
360000 1433550
370000 1350266
380000 1557508
390000 1419677
400000 1556412
410000 1859625
420000 1719437
430000 1984861
440000 1818363
450000 1895701
460000 1731641
470000 1809397
480000 2072333
490000 2000271
500000 2214571
510000 1958042
520000 2097430
530000 1986444
540000 1986424
550000 2378770
560000 2594864
570000 2400253
580000 2447592
590000 2408184
600000 2428727
610000 2641000
620000 2679923
630000 3164924
640000 3950412
650000 2712812
660000 3234913
670000 2630024
680000 3104695
690000 3060325
700000 2759132
710000 2904869
720000 3417047
730000 3094364
740000 2860500
750000 3220941
760000 3115275
770000 3161114
780000 3136431
790000 3227488
800000 3235898
810000 3333666
820000 3455688
830000 3340890
840000 3340780
850000 3369663
860000 3576326
870000 3559365
880000 3720741
890000 3638574
900000 3702276
910000 3589663
920000 3663252
930000 3927291
940000 3677416
950000 3907309
960000 3814670
970000 3898234
980000 3857285
990000 3929484
1000000 4180170
1010000 4060290
1020000 3950260
1030000 4198138
1040000 4366653
1050000 4127578
1060000 4353382
1070000 5476281
1080000 4262446
1090000 4750240
1100000 4683000
1110000 5571752
1120000 4895704
1130000 4462490
1140000 5245481
1150000 4607747
1160000 5673093
1170000 5139175
1180000 4666935
1190000 4807220
1200000 4761697
1210000 4800072
1220000 4854745
1230000 4882136
1240000 5054207
1250000 5045252
1260000 5044973
1270000 5214562
1280000 5168477
1290000 5274637
1300000 5202131
1310000 5254745
1320000 5193368
1330000 5200321
1340000 5443913
1350000 5577956
1360000 5448663
1370000 5573059
1380000 5650008
1390000 5555905
1400000 5551322
1410000 5754677
1420000 5823941
1430000 5731478
1440000 5608700
1450000 5858816
1460000 5842083
1470000 5843413
1480000 6000404
1490000 6131663
1500000 5959475
1510000 6008672
1520000 6260707
1530000 6260536
1540000 6403725
1550000 6363379
1560000 6871362
1570000 6368464
1580000 6640456
1590000 6841730
1600000 6698912
1610000 7167222
1620000 6799086
1630000 6969023
1640000 8070937
1650000 6813156
1660000 7094367
1670000 7837806
1680000 7248472
1690000 7269692
1700000 7415930
1710000 7154453
1720000 7229419
1730000 7321236
1740000 8168625
1750000 7362954
1760000 7621856
1770000 8579624
1780000 7594458
1790000 8166045
1800000 7470708
1810000 7388529
1820000 7493164
1830000 7459807
1840000 7963622
1850000 8007698
1860000 8228411
1870000 7949117
1880000 8175846
1890000 7883824
1900000 8212357
1910000 8123724
1920000 8305036
1930000 8536797
1940000 8158949
1950000 9101510
1960000 8743500
1970000 8622064
1980000 8514950
1990000 8397815
2000000 8490000
2010000 8809234
2020000 8972154
2030000 8626605
2040000 8620133
2050000 8469020
2060000 8448202
2070000 8462258
2080000 8715888
2090000 8938152
2100000 9098000
2110000 9173020
2120000 9304158
2130000 9124800
2140000 9480383
2150000 9076328
2160000 9665178
2170000 9422537
2180000 8598857
2190000 8646510
2200000 8702614
2210000 9148831
2220000 8966250
2230000 8879348
2240000 9322402
2250000 8986760
2260000 8986973
2270000 9160233
2280000 9720520
2290000 10252364
2300000 9537139
2310000 9722635
2320000 10013842
2330000 10251013
2340000 10205000
2350000 10523745
2360000 10229673
2370000 10386405
2380000 10364370
2390000 10202136
2400000 10676168
2410000 11517219
2420000 11259077
2430000 10452535
2440000 10827891
2450000 11378333
2460000 11757583
2470000 11255859
2480000 10911789
2490000 11059949
2500000 11348208
2510000 11279481
2520000 11077208
2530000 11236308
2540000 10988289
2550000 11019691
2560000 10844625
2570000 11219606
2580000 11413481
2590000 11038331
2600000 11094118
2610000 10833142
2620000 11336403
2630000 11328037
2640000 11445277
2650000 11402135
2660000 11448828
2670000 11620503
2680000 11645092
2690000 11695975
2700000 11433780
2710000 11799713
2720000 12348707
2730000 12061703
2740000 11946375
2750000 11807030
2760000 12000891
2770000 12374656
2780000 11952867
2790000 11887167
2800000 11863071
2810000 11791245
2820000 11803377
2830000 12036630
2840000 11923529
2850000 12221125
2860000 12119248
2870000 12077792
2880000 12314680
2890000 12012817
2900000 12383370
2910000 12630282
2920000 12336323
2930000 12615163
2940000 12544918
2950000 12597608
2960000 12652005
2970000 12559220
2980000 12623215
2990000 12640558
3000000 12873722
3010000 13099277
3020000 12688820
3030000 12713505
3040000 12524086
3050000 12822919
3060000 12794195
3070000 13406754
3080000 13978057
3090000 13652411
3100000 13864659
3110000 13682886
3120000 14029437
3130000 14077835
3140000 14193022
3150000 14888005
3160000 13955768
3170000 14439359
3180000 14821207
3190000 14484308
3200000 14225904
3210000 14600100
3220000 14548251
3230000 14839268
3240000 14523455
3250000 15368027
3260000 15423633
3270000 15145933
3280000 14968171
3290000 15537104
3300000 14603298
3310000 14592248
3320000 15446148
3330000 15380296
3340000 15858384
3350000 15678770
3360000 15982092
3370000 16006459
3380000 15875382
3390000 15957744
3400000 16300103
3410000 16164315
3420000 15745902
3430000 16103875
3440000 15801227
3450000 15682297
3460000 15684037
3470000 15952752
3480000 16603327
3490000 16280682
3500000 16354171
3510000 15894358
3520000 15610786
3530000 15942390
3540000 16479920
3550000 15884148
3560000 16735287
3570000 16203313
3580000 16832000
3590000 15979994
3600000 17980264
3610000 16706568
3620000 16280310
3630000 16706452
3640000 16406505
3650000 16451382
3660000 16105958
3670000 16629460
3680000 15912219
3690000 15969989
3700000 16214791
3710000 16485541
3720000 16199140
3730000 16027072
3740000 15881963
3750000 17219005
3760000 16415274
3770000 16856685
3780000 16681670
3790000 16877556
3800000 16815639
3810000 16708928
3820000 17621728
3830000 17558369
3840000 16955082
3850000 17404275
3860000 18133984
3870000 17225826
3880000 17271704
3890000 17564736
3900000 18041928
3910000 19036822
3920000 19092705
3930000 18046873
3940000 17425565
3950000 17662974
3960000 17471181
3970000 18026366
3980000 17292849
3990000 19488698
4000000 19166400
4010000 20501545
4020000 18876505
4030000 18316435
4040000 19411540
4050000 19344676
4060000 19509054
4070000 19230179
4080000 20822343
4090000 18907282
4100000 18530980
4110000 19040940
4120000 19224202
4130000 19320758
4140000 18956970
4150000 19558098
4160000 18597423
4170000 19692524
4180000 19834784
4190000 19447514
4200000 19530789
4210000 19152629
4220000 21474634
4230000 20538229
4240000 19523419
4250000 19700446
4260000 19816961
4270000 19511082
4280000 19918898
4290000 19663217
4300000 20267314
4310000 19687410
4320000 19469985
4330000 19073591
4340000 19289865
4350000 19501418
4360000 19203384
4370000 19642593
4380000 19463296
4390000 19355464
4400000 19307660
4410000 18830009
4420000 20063300
