10000 0
20000 1000000
30000 1000000
40000 1001000
50000 1000000
60000 2003000
70000 2004000
80000 1001000
90000 1002000
100000 2001000
110000 3004000
120000 6000000
130000 4002000
140000 3004000
150000 3000000
160000 4002000
170000 4006000
180000 2997000
190000 5001000
200000 4000000
210000 4001000
220000 10002000
230000 7003000
240000 5001000
250000 5001000
260000 4999000
270000 8000000
280000 5999000
290000 6001000
300000 9010000
310000 6001000
320000 7000000
330000 7001000
340000 9001000
350000 9001000
360000 7001000
370000 9013000
380000 6994000
390000 8001000
400000 8003000
410000 7999000
420000 8001000
430000 8001000
440000 8001000
450000 8000000
460000 9000000
470000 12001000
480000 9001000
490000 10001000
500000 12001000
510000 10000000
520000 10001000
530000 11001000
540000 11001000
550000 10000000
560000 11996000
570000 12000000
580000 11001000
590000 15003000
600000 12001000
610000 11000000
620000 12002000
630000 13001000
640000 16001000
650000 12001000
660000 13001000
670000 15002000
680000 15999000
690000 14999000
700000 14001000
710000 15001000
720000 14000000
730000 15001000
740000 15003000
750000 16001000
760000 16004000
770000 14999000
780000 15002000
790000 16003000
800000 15002000
810000 16001000
820000 16997000
830000 21006000
840000 16001000
850000 16001000
860000 17002000
870000 22003000
880000 17002000
890000 19001000
900000 19002000
910000 19001000
920000 17001000
930000 18990000
940000 18002000
950000 19999000
960000 19002000
970000 19001000
980000 19001000
990000 19000000
1000000 19002000
1010000 20003000
1020000 19002000
1030000 23002000
1040000 19003000
1050000 20000000
1060000 20003000
1070000 20002000
1080000 21002000
1090000 22001000
1100000 22002000
1110000 23002000
1120000 22001000
1130000 22999000
1140000 22002000
1150000 22002000
1160000 29002000
1170000 22002000
1180000 23002000
1190000 23002000
1200000 23001000
1210000 31003000
1220000 23002000
1230000 26004000
1240000 26001000
1250000 24002000
1260000 24002000
1270000 24002000
1280000 25002000
1290000 26002000
1300000 25003000
1310000 25002000
1320000 26004000
1330000 30001000
1340000 26002000
1350000 28004000
1360000 27002000
1370000 27004000
1380000 27002000
1390000 26002000
1400000 29003000
1410000 29004000
1420000 29002000
1430000 28991000
1440000 29002000
1450000 28005000
1460000 30002000
1470000 30002000
1480000 34002000
1490000 31002000
1500000 40004000
1510000 32003000
1520000 30002000
1530000 30002000
1540000 34001000
1550000 30991000
1560000 31002000
1570000 31002000
1580000 36997000
1590000 31002000
1600000 32002000
1610000 32002000
1620000 32002000
1630000 34002000
1640000 33002000
1650000 34003000
1660000 34002000
1670000 33002000
1680000 33003000
1690000 38003000
1700000 33003000
1710000 33003000
1720000 33000000
1730000 34003000
1740000 33003000
1750000 35002000
1760000 35008000
1770000 38004000
1780000 34002000
1790000 42005000
1800000 38003000
1810000 34999000
1820000 35004000
1830000 37005000
1840000 36003000
1850000 36003000
1860000 35001000
1870000 39003000
1880000 36003000
1890000 36003000
1900000 43000000
1910000 38004000
1920000 37014000
1930000 38003000
1940000 37004000
1950000 37003000
1960000 43992000
1970000 40005000
1980000 38002000
1990000 38003000
2000000 39002000
2010000 39003000
2020000 38015000
2030000 39003000
2040000 39003000
2050000 42004000
2060000 39004000
2070000 42003000
2080000 41005000
2090000 40002000
2100000 42006000
2110000 41004000
2120000 41015000
2130000 41003000
2140000 41002000
2150000 41003000
2160000 41003000
2170000 41002000
2180000 50003000
2190000 43003000
2200000 45003000
2210000 49003000
2220000 43006000
2230000 49005000
2240000 43003000
2250000 48004000
2260000 44003000
2270000 46003000
2280000 46003000
2290000 45003000
2300000 47003000
2310000 46004000
2320000 46004000
2330000 45003000
2340000 46006000
2350000 45004000
2360000 47002000
2370000 45003000
2380000 46015000
2390000 46006000
2400000 47005000
2410000 47003000
2420000 48003000
2430000 46004000
2440000 47001000
2450000 47004000
2460000 48004000
2470000 47991000
2480000 48004000
2490000 53002000
2500000 49003000
2510000 48004000
2520000 49004000
2530000 48004000
2540000 50003000
2550000 51007000
2560000 49003000
2570000 49004000
2580000 50004000
2590000 49004000
2600000 51004000
2610000 51004000
2620000 51006000
2630000 50003000
2640000 51004000
2650000 53003000
2660000 51004000
2670000 57004000
2680000 52004000
2690000 58003000
2700000 54004000
2710000 52003000
2720000 53004000
2730000 53003000
2740000 55004000
2750000 59005000
2760000 53004000
2770000 54003000
2780000 54007000
2790000 55004000
2800000 54004000
2810000 59001000
2820000 54004000
2830000 56004000
2840000 53015000
2850000 54003000
2860000 55003000
2870000 56004000
2880000 55004000
2890000 58005000
2900000 56004000
2910000 56005000
2920000 60004000
2930000 55017000
2940000 70008000
2950000 56004000
2960000 60006000
2970000 57004000
2980000 63005000
2990000 57004000
3000000 58006000
3010000 58015000
3020000 61006000
3030000 59016000
3040000 60004000
3050000 60004000
3060000 62005000
3070000 60006000
3080000 61007000
3090000 65005000
3100000 60004000
3110000 62004000
3120000 60005000
3130000 72002000
3140000 60005000
3150000 60005000
3160000 61005000
3170000 62005000
3180000 62005000
3190000 73006000
3200000 62005000
3210000 61004000
3220000 63005000
3230000 63005000
3240000 66005000
3250000 65004000
3260000 64003000
3270000 64006000
3280000 64005000
3290000 64005000
3300000 66005000
3310000 64995000
3320000 67006000
3330000 79007000
3340000 71005000
3350000 65005000
3360000 66006000
3370000 64005000
3380000 65017000
3390000 65005000
3400000 66006000
3410000 66005000
3420000 69006000
3430000 67017000
3440000 78995000
3450000 66999000
3460000 81002000
3470000 74006000
3480000 68005000
3490000 67006000
3500000 68005000
3510000 73004000
3520000 71006000
3530000 67017000
3540000 73004000
3550000 68004000
3560000 69006000
3570000 70006000
3580000 75006000
3590000 71013000
3600000 75006000
3610000 84006000
3620000 78006000
3630000 75007000
3640000 71006000
3650000 94005000
3660000 89007000
3670000 94009000
3680000 75005000
3690000 72006000
3700000 72008000
