10000 0
20000 0
30000 0
40000 0
50000 0
60000 501000
70000 501000
80000 0
90000 667000
100000 501000
110000 667000
120000 750000
130000 666666
140000 0
150000 799800
160000 751250
170000 858571
180000 501000
190000 834833
200000 858285
210000 889222
220000 799600
230000 857000
240000 834833
250000 1333750
260000 874875
270000 1365090
280000 910363
290000 909545
300000 910181
310000 800600
320000 1385307
330000 935200
340000 939562
350000 900800
360000 933333
370000 924384
380000 923923
390000 916750
400000 888777
410000 933466
420000 917166
430000 889888
440000 930357
450000 910000
460000 928928
470000 900600
480000 874750
490000 941058
500000 917083
510000 909000
520000 937500
530000 922846
540000 923076
550000 900600
560000 928642
570000 923000
580000 909272
590000 956695
600000 950350
610000 933333
620000 928714
630000 941411
640000 937500
650000 937750
660000 947473
670000 954409
680000 941235
690000 944722
700000 947526
710000 933466
720000 944833
730000 950000
740000 952333
750000 958291
760000 950050
770000 954818
780000 961538
790000 947421
800000 958791
810000 954590
820000 956695
830000 960240
840000 960040
850000 958500
860000 962925
870000 958541
880000 964214
890000 966600
900000 961576
910000 964250
920000 965551
930000 969939
940000 970588
950000 970558
960000 960080
970000 968750
980000 964392
990000 968781
1000000 971485
1010000 974487
1020000 973135
1030000 974589
1040000 973378
1050000 975585
1060000 965620
1070000 970529
1080000 969727
1090000 975025
1100000 976285
1110000 972361
1120000 971514
1130000 972891
1140000 973081
1150000 976309
1160000 975707
1170000 972333
1180000 976837
1190000 978326
1200000 974435
1210000 1000023
1220000 975609
1230000 978111
1240000 977844
1250000 978893
1260000 1021062
1270000 1000048
1280000 978369
1290000 981836
1300000 978347
1310000 973789
1320000 981283
1330000 981188
1340000 980000
1350000 979187
1360000 1056792
1370000 980509
1380000 978304
1390000 1000020
1400000 1000211
1410000 980431
1420000 1000103
1430000 981872
1440000 1000037
1450000 980450
1460000 980392
1470000 982232
1480000 999982
1490000 1000051
1500000 1050033
1510000 1016306
1520000 983983
1530000 983416
1540000 1033583
1550000 984924
1560000 981909
1570000 1000044
1580000 983416
1590000 1033483
1600000 1000151
1610000 982526
1620000 1080741
1630000 1000193
1640000 1015750
1650000 1015179
1660000 984893
1670000 1000013
1680000 1000139
1690000 985323
1700000 1000016
1710000 1027833
1720000 1085828
1730000 1070464
1740000 1041763
1750000 1046246
1760000 1075803
1770000 1054835
1780000 1000108
1790000 1000067
1800000 1040581
1810000 1000067
1820000 1000093
1830000 1091051
1840000 1025743
1850000 1059835
1860000 1042295
1870000 1192397
1880000 1027791
1890000 1087057
1900000 1035880
1910000 1097500
1920000 1012407
1930000 1095333
1940000 1000088
1950000 1082458
1960000 1161473
1970000 1125062
1980000 1057170
1990000 1045477
2000000 1067471
2010000 1073341
2020000 1195771
2030000 1204428
2040000 1133444
2050000 1065051
2060000 1127712
2070000 1132578
2080000 1058255
2090000 1104813
2100000 1053956
2110000 1087956
2120000 1065868
2130000 1118311
2140000 1080505
2150000 1131023
2160000 1108826
2170000 1068250
2180000 1083447
2190000 1089955
2200000 1119565
2210000 1131923
2220000 1066700
2230000 1088065
2240000 1087086
2250000 1168494
2260000 1097858
2270000 1122366
2280000 1229954
2290000 1067307
2300000 1147852
2310000 1099099
2320000 1127509
2330000 1085244
2340000 1131095
2350000 1163387
2360000 1146020
2370000 1126410
2380000 1163387
2390000 1144413
2400000 1082660
2410000 1121313
2420000 1163605
2430000 1145916
2440000 1161923
2450000 1182817
2460000 1104866
2470000 1229270
2480000 1189423
2490000 1119431
2500000 1095323
2510000 1240528
2520000 1200171
2530000 1115247
2540000 1119769
2550000 1198099
2560000 1149289
2570000 1175587
2580000 1238180
2590000 1146672
2600000 1204173
2610000 1194555
2620000 1169705
2630000 1252351
2640000 1243781
2650000 1237449
2660000 1163818
2670000 1227336
2680000 1230880
2690000 1254981
2700000 1271130
2710000 1180385
2720000 1195118
2730000 1228915
2740000 1223339
2750000 1212084
2760000 1252130
2770000 1239826
2780000 1275284
2790000 1216342
2800000 1261315
2810000 1272827
2820000 1330584
2830000 1232713
2840000 1209935
2850000 1186567
2860000 1196885
2870000 1288313
2880000 1212740
2890000 1296232
2900000 1250177
2910000 1322790
2920000 1297809
2930000 1245957
2940000 1271500
2950000 1311639
2960000 1264661
2970000 1275748
2980000 1267842
2990000 1275528
3000000 1228559
3010000 1301777
3020000 1282633
3030000 1343890
3040000 1267465
3050000 1335905
3060000 1213769
3070000 1280676
3080000 1285857
3090000 1366065
3100000 1448240
3110000 1255789
3120000 1331076
3130000 1307884
3140000 1321111
3150000 1403126
3160000 1259006
3170000 1284869
3180000 1309219
3190000 1458656
3200000 1570511
3210000 1529544
3220000 1601041
3230000 1452839
3240000 1390139
3250000 1344689
3260000 1343477
3270000 1300930
3280000 1394321
3290000 1390141
3300000 1335846
3310000 1424401
3320000 1378055
3330000 1325969
3340000 1523307
3350000 1408905
3360000 1355881
3370000 1460625
3380000 1480767
3390000 1407400
3400000 1391150
3410000 1376168
3420000 1356825
3430000 1489270
3440000 1398804
3450000 1376020
3460000 1338419
3470000 1522257
3480000 1447825
3490000 1390913
3500000 1435878
3510000 1331183
3520000 1482237
3530000 1382159
3540000 1426804
3550000 1496939
3560000 1493675
3570000 1432851
3580000 1507300
3590000 1442435
3600000 1423701
3610000 1408151
3620000 1459581
3630000 1451541
3640000 1458056
3650000 1477059
3660000 1358672
3670000 1569682
3680000 1406450
3690000 1379503
3700000 1534909
3710000 1549619
3720000 1443925
3730000 1466496
3740000 1538608
3750000 1483463
3760000 1468185
3770000 1549768
3780000 1506846
3790000 1431633
3800000 1577429
3810000 1453044
3820000 1510428
3830000 1509877
3840000 1538621
3850000 1593114
3860000 1566150
3870000 1513006
3880000 1613141
3890000 1616086
3900000 1541201
3910000 1607803
3920000 1512860
3930000 1569890
3940000 1617116
3950000 1509509
3960000 1654604
3970000 1556669
3980000 1625217
3990000 1512693
4000000 1503207
4010000 1521937
4020000 1519196
4030000 1592528
4040000 1567374
4050000 1539533
4060000 1621479
4070000 1573341
4080000 1648624
4090000 1554363
4100000 1660616
4110000 1546757
4120000 1534905
4130000 1528248
4140000 1736808
4150000 1616940
4160000 1774986
4170000 1626734
4180000 1656958
4190000 1604994
4200000 1629031
4210000 1551660
4220000 1686134
4230000 1601386
4240000 1664922
4250000 1638103
4260000 1579439
4270000 1590608
4280000 1609454
4290000 1682535
4300000 1649017
4310000 1659047
4320000 1632073
4330000 1705666
4340000 1712123
4350000 1662809
4360000 1632722
4370000 1716085
4380000 1684368
4390000 1706100
4400000 1688488
4410000 1824836
4420000 1711208
4430000 1686615
4440000 1709488
4450000 1603620
4460000 1732848
4470000 1817794
4480000 1744585
4490000 1740057
4500000 1674739
4510000 1724298
4520000 1725931
4530000 1746156
4540000 1720517
4550000 1737675
4560000 1696105
4570000 1779187
4580000 1870491
4590000 1711196
4600000 1674359
4610000 1791423
4620000 1727505
4630000 1772366
4640000 1644638
4650000 1753039
4660000 1811316
4670000 1708517
4680000 1739138
4690000 1688464
4700000 1903693
4710000 1776698
4720000 1849469
4730000 1860691
4740000 1822120
4750000 1803629
4760000 1804659
4770000 1821800
4780000 1734289
4790000 1774101
4800000 1757310
4810000 1840879
4820000 1934000
4830000 1734294
4840000 1892272
4850000 1943471
4860000 1800220
4870000 1801322
4880000 1726037
4890000 1853384
4900000 1869366
4910000 1838240
4920000 1872025
4930000 1954806
4940000 1811983
4950000 1866572
4960000 1813368
4970000 1868324
4980000 1790209
4990000 1869760
5000000 1956978
5010000 2005623
5020000 1892145
5030000 1978349
5040000 1911671
5050000 1776771
5060000 1948125
5070000 1891646
5080000 1929121
5090000 1917791
5100000 1918637
5110000 1962184
5120000 1828354
5130000 1980582
5140000 1868647
5150000 1848676
5160000 1904984
5170000 1899166
5180000 1828182
5190000 1899719
5200000 1947359
5210000 1852116
5220000 2000234
5230000 2005277
5240000 2010630
5250000 2026661
5260000 1980751
5270000 2049431
5280000 1870647
5290000 2010567
5300000 1870518
5310000 2087960
5320000 1800145
5330000 2026025
5340000 2098180
5350000 1940230
5360000 2040442
5370000 1952889
5380000 1887495
5390000 2025693
5400000 1918989
5410000 2233776
5420000 2331780
5430000 2333592
5440000 2000252
5450000 1954051
5460000 2079034
5470000 1881940
5480000 2000206
5490000 2025381
5500000 2088295
5510000 1948440
5520000 2106550
5530000 1990081
5540000 2005063
5550000 2053137
5560000 2093798
5570000 1953369
5580000 2048288
5590000 2131926
5600000 2156767
5610000 1990431
5620000 2074845
5630000 2092417
5640000 2170140
5650000 2082757
5660000 2131931
5670000 1990377
5680000 2048235
5690000 1945245
5700000 2128985
5710000 2010306
5720000 2158693
5730000 2010128
5740000 1972233
5750000 2029831
5760000 2031316
5770000 2279057
5780000 2053621
5790000 2127039
5800000 2013963
5810000 2194081
5820000 2095210
5830000 2066639
5840000 2108225
5850000 2226807
5860000 2196397
5870000 2225124
5880000 2014519
5890000 2156620
5900000 2257757
5910000 2114580
5920000 2103689
5930000 2206877
5940000 2121710
5950000 2100204
5960000 2252600
5970000 2052369
5980000 2191684
5990000 2160811
6000000 2143782
6010000 2305023
6020000 2640427
6030000 2397593
6040000 2271275
6050000 2399363
6060000 2384449
6070000 2216239
6080000 2250294
6090000 2346906
6100000 2306816
6110000 2339904
6120000 2332141
6130000 2176152
6140000 2437316
6150000 2247909
6160000 2173126
6170000 2293306
6180000 2333582
6190000 2257533
6200000 2332063
6210000 2204033
6220000 2282535
6230000 2242088
6240000 2235552
6250000 2259541
6260000 2398389
6270000 2311081
6280000 2290539
6290000 2236155
6300000 2378686
6310000 2356777
6320000 2423365
6330000 2198382
6340000 2213859
6350000 2321629
6360000 2207229
6370000 2354582
6380000 2303875
6390000 2301589
6400000 2224061
6410000 2282784
6420000 2301598
6430000 2377545
6440000 2338150
6450000 2283301
6460000 2358395
6470000 2301106
6480000 2283250
6490000 2268688
6500000 2424853
6510000 2404906
6520000 2382422
6530000 2449665
6540000 2239360
6550000 2409947
6560000 2287905
6570000 2170668
6580000 2321515
6590000 2317578
6600000 2383282
6610000 2282843
6620000 2612887
6630000 2700313
6640000 2352197
6650000 2389361
6660000 2508799
6670000 2468302
6680000 2364280
6690000 2345618
6700000 2388633
6710000 2557907
6720000 2602095
6730000 2796958
6740000 2543357
6750000 2374197
6760000 2566836
6770000 2433721
6780000 2242372
6790000 2389592
6800000 2323445
6810000 2375263
6820000 2530439
6830000 2287204
6840000 2465780
6850000 2532735
6860000 2457521
6870000 2454004
6880000 2423493
6890000 2407987
6900000 2560235
6910000 2394142
6920000 2513168
6930000 2446160
6940000 2559179
6950000 2418327
6960000 2742742
6970000 2648073
6980000 2433281
6990000 2631041
7000000 2463402
7010000 2464513
7020000 2582523
7030000 2500283
7040000 2647331
7050000 2483094
7060000 2630457
7070000 2487140
7080000 2443694
7090000 2489115
7100000 2464893
7110000 2485656
7120000 2506629
7130000 2722088
7140000 2820482
7150000 2560903
7160000 2470346
7170000 2493906
7180000 2547264
7190000 2649123
7200000 2695156
7210000 2489655
7220000 2466068
7230000 2574770
7240000 2458558
7250000 2599396
7260000 2490004
7270000 2627389
7280000 2535464
7290000 2640414
7300000 3016730
7310000 3072919
7320000 2992119
7330000 2800845
7340000 2883799
7350000 2872089
7360000 3138970
7370000 3033276
7380000 2828008
7390000 3112327
7400000 2979807
7410000 2953936
7420000 3220795
7430000 3029069
7440000 3016593
7450000 2907974
7460000 2966701
7470000 2591958
7480000 2820760
7490000 2624239
7500000 2428800
7510000 2572883
7520000 2681717
7530000 2600217
7540000 2601865
7550000 2618775
7560000 2653379
7570000 2789119
7580000 2842975
7590000 2693863
7600000 2724559
7610000 2743114
7620000 2726476
7630000 2689462
7640000 2753372
7650000 2576958
7660000 2650452
7670000 2654545
7680000 2687833
7690000 2648922
7700000 2705422
7710000 2563571
7720000 2693505
7730000 2789952
7740000 2656288
7750000 2808436
7760000 2692615
7770000 2756133
7780000 2741983
7790000 2875289
7800000 2773522
7810000 2724272
7820000 2660425
7830000 2710436
7840000 2719632
7850000 2829713
7860000 2800232
7870000 2917590
7880000 2847326
7890000 2843431
7900000 2656252
7910000 2644268
7920000 2750280
7930000 2704216
7940000 2924849
7950000 2819137
7960000 2612070
7970000 2945212
7980000 2710671
7990000 2838995
8000000 2884689
8010000 2674919
8020000 2912364
8030000 2948533
8040000 2865341
8050000 2968132
8060000 2984584
8070000 2827000
8080000 2926926
8090000 2914696
8100000 2856338
8110000 2857436
8120000 2756153
8130000 2877246
8140000 2771889
8150000 2923685
8160000 2981202
8170000 2890003
8180000 2803449
8190000 2699535
8200000 2643682
8210000 2834352
8220000 2816455
8230000 2726392
8240000 2965977
8250000 2868031
8260000 3573400
8270000 3377326
8280000 3273426
8290000 3394906
8300000 3147057
8310000 3352553
8320000 3301475
8330000 3194201
8340000 3302301
8350000 3547127
8360000 3351393
8370000 3478081
8380000 3521356
8390000 3614043
8400000 2947846
8410000 2904862
8420000 2910058
8430000 3043046
8440000 3027403
8450000 2895961
8460000 2984767
8470000 2916577
8480000 3034911
8490000 3022834
8500000 3073099
8510000 2728895
8520000 3047492
8530000 2920448
8540000 3228745
8550000 3004138
8560000 3056033
8570000 2842413
8580000 2996562
8590000 2842623
8600000 2973864
8610000 3030904
8620000 3166962
8630000 3236908
8640000 3056423
8650000 3000279
8660000 2887548
8670000 2936150
8680000 3026125
8690000 2905905
8700000 3190290
8710000 3079543
8720000 2985292
8730000 2992674
8740000 2937340
8750000 3128600
8760000 3106534
8770000 2902880
8780000 3082992
8790000 3015700
8800000 3004178
8810000 3087484
8820000 3054840
8830000 3144774
8840000 3096103
8850000 3100325
8860000 3221384
8870000 2758567
8880000 3081766
8890000 2985682
8900000 3238282
8910000 3068749
8920000 3091159
8930000 3065838
8940000 3121142
8950000 3085221
8960000 3135582
8970000 2935752
8980000 2926768
8990000 3121473
9000000 3357790
9010000 3420955
9020000 3178509
9030000 3241921
9040000 3176355
9050000 3057852
9060000 3212970
9070000 3040430
9080000 3220937
9090000 3058762
9100000 3075803
9110000 3167018
9120000 2956654
9130000 3299913
9140000 3290735
9150000 3210612
9160000 3047788
9170000 3304677
9180000 3128545
9190000 3298251
9200000 3293157
9210000 3030314
9220000 3063255
9230000 3161000
9240000 3263931
9250000 3195931
9260000 3062090
9270000 3117280
9280000 3405333
9290000 3102069
9300000 3314763
9310000 3093178
9320000 3310221
9330000 3054800
9340000 3120334
9350000 3237672
9360000 3240265
9370000 3197401
9380000 3173996
9390000 3310700
9400000 3290591
9410000 3318203
9420000 3098582
9430000 3142602
9440000 3212695
9450000 3253827
9460000 3203195
9470000 3278314
9480000 3135067
9490000 3396703
9500000 3121682
9510000 3182792
9520000 3184049
9530000 3340702
9540000 3280956
9550000 3222936
9560000 3207442
9570000 3565256
9580000 3892003
9590000 3867895
9600000 4031744
9610000 3766488
9620000 4103180
9630000 4310550
9640000 3585131
9650000 3796837
9660000 3976249
9670000 3965540
9680000 4079089
9690000 3845912
9700000 3934299
9710000 3959438
9720000 4129448
9730000 3983312
9740000 3930140
9750000 3923996
9760000 3931403
9770000 4000868
9780000 3912366
9790000 4086281
9800000 3431912
9810000 3548014
9820000 3338370
9830000 3360148
9840000 3500376
9850000 3339261
9860000 3410233
9870000 3351231
9880000 3381149
9890000 3491664
9900000 3299261
9910000 3472541
9920000 3632694
9930000 3393623
9940000 3348852
9950000 3325413
9960000 3527941
9970000 3287062
9980000 3341758
9990000 3222136
