10000 1000000
20000 0
30000 0
40000 0
50000 1003000
60000 2002000
70000 1001000
80000 2001000
90000 1001000
100000 4002000
110000 3001000
120000 3997000
130000 2998000
140000 3000000
150000 4003000
160000 4000000
170000 4002000
180000 5002000
190000 4998000
200000 4001000
210000 5001000
220000 6002000
230000 8003000
240000 5000000
250000 7001000
260000 6000000
270000 6999000
280000 9001000
290000 8000000
300000 7000000
310000 7000000
320000 8003000
330000 8002000
340000 7001000
350000 7002000
360000 8007000
370000 9001000
380000 7000000
390000 7000000
400000 9001000
410000 10003000
420000 9001000
430000 9001000
440000 9001000
450000 9001000
460000 10001000
470000 8001000
480000 10000000
490000 12000000
500000 10000000
510000 10001000
520000 11001000
530000 10002000
540000 10000000
550000 11000000
560000 12003000
570000 11001000
580000 12001000
590000 14002000
600000 12001000
610000 13000000
620000 11001000
630000 12002000
640000 14001000
650000 13001000
660000 14004000
670000 13001000
680000 15002000
690000 14000000
700000 13000000
710000 14001000
720000 15003000
730000 14001000
740000 15999000
750000 14001000
760000 15002000
770000 15001000
780000 15002000
790000 15002000
800000 15001000
810000 15001000
820000 21002000
830000 15002000
840000 16998000
850000 17999000
860000 16001000
870000 21004000
880000 18002000
890000 17001000
900000 20005000
910000 17001000
920000 18998000
930000 18003000
940000 19001000
950000 23001000
960000 19002000
970000 18001000
980000 19001000
990000 19002000
1000000 22002000
1010000 21002000
1020000 19001000
1030000 19001000
1040000 21002000
1050000 20001000
1060000 23004000
1070000 21002000
1080000 23002000
1090000 25002000
1100000 22002000
1110000 21002000
1120000 23003000
1130000 21002000
1140000 22002000
1150000 25000000
1160000 24002000
1170000 28004000
1180000 23002000
1190000 23002000
1200000 24001000
1210000 24001000
1220000 28002000
1230000 25013000
1240000 27003000
1250000 26002000
1260000 24002000
1270000 25013000
1280000 25007000
1290000 28002000
1300000 27003000
1310000 28003000
1320000 27002000
1330000 27001000
1340000 26003000
1350000 26002000
1360000 28001000
1370000 26002000
1380000 41000000
1390000 27007000
1400000 29001000
1410000 32003000
1420000 31006000
1430000 28001000
1440000 29002000
1450000 27002000
1460000 29003000
1470000 30001000
1480000 30002000
1490000 30004000
1500000 30003000
1510000 31002000
1520000 31002000
1530000 30003000
1540000 35004000
1550000 31002000
1560000 31003000
1570000 32002000
1580000 35002000
1590000 32003000
1600000 33003000
1610000 32002000
1620000 34003000
1630000 33003000
1640000 32003000
1650000 34002000
1660000 36003000
1670000 35013000
1680000 32001000
1690000 33003000
1700000 34002000
1710000 35003000
1720000 34003000
1730000 34003000
1740000 42001000
1750000 36004000
1760000 35003000
1770000 34014000
1780000 34003000
1790000 37003000
1800000 35005000
1810000 49992000
1820000 36004000
1830000 38000000
1840000 36002000
1850000 35004000
1860000 36001000
1870000 36002000
1880000 39998000
1890000 37003000
1900000 37002000
1910000 41003000
1920000 38004000
1930000 38005000
1940000 37002000
1950000 45993000
1960000 39003000
1970000 38003000
1980000 38003000
1990000 39002000
2000000 41002000
2010000 38003000
2020000 41003000
2030000 40003000
2040000 39003000
2050000 43002000
2060000 40002000
2070000 40003000
2080000 43003000
2090000 41003000
2100000 41002000
2110000 40003000
2120000 42003000
2130000 40005000
2140000 41003000
2150000 41994000
2160000 42003000
2170000 42003000
2180000 43003000
2190000 43006000
2200000 42003000
2210000 43004000
2220000 43005000
2230000 42004000
2240000 42004000
2250000 43001000
2260000 44004000
2270000 61004000
2280000 44004000
2290000 44005000
2300000 44004000
2310000 44004000
2320000 45004000
2330000 44003000
2340000 45004000
2350000 45003000
2360000 45003000
2370000 45015000
2380000 50002000
2390000 46004000
2400000 46004000
2410000 46004000
2420000 46003000
2430000 52004000
2440000 47004000
2450000 47004000
2460000 47005000
2470000 48003000
2480000 48006000
2490000 56006000
2500000 48004000
2510000 49004000
2520000 49005000
2530000 49003000
2540000 48004000
2550000 48004000
2560000 50004000
2570000 55004000
2580000 51007000
2590000 49004000
2600000 50003000
2610000 50015000
2620000 51005000
2630000 54007000
2640000 51005000
2650000 53003000
2660000 52004000
2670000 54004000
2680000 60004000
2690000 54005000
2700000 52005000
2710000 51004000
2720000 58004000
2730000 53004000
2740000 53004000
2750000 62004000
2760000 54004000
2770000 54003000
2780000 55004000
2790000 55004000
2800000 55003000
2810000 59005000
2820000 54004000
2830000 55006000
2840000 55016000
2850000 56994000
2860000 55004000
2870000 55004000
2880000 55005000
2890000 56005000
2900000 56004000
2910000 55005000
2920000 58004000
2930000 56003000
2940000 56004000
2950000 56004000
2960000 57004000
2970000 58005000
2980000 57004000
2990000 58005000
3000000 58004000
3010000 61005000
3020000 57005000
3030000 58005000
3040000 59005000
3050000 60005000
3060000 59006000
3070000 62006000
3080000 60005000
3090000 59005000
3100000 62006000
3110000 62008000
3120000 60017000
3130000 65007000
3140000 60004000
3150000 62005000
3160000 61005000
3170000 63006000
3180000 61005000
3190000 65005000
3200000 62006000
3210000 65006000
3220000 64005000
3230000 63005000
3240000 62005000
3250000 63005000
3260000 62004000
3270000 64005000
3280000 63016000
3290000 63005000
3300000 64017000
3310000 64018000
3320000 66007000
3330000 65006000
3340000 64004000
3350000 65005000
3360000 65004000
3370000 65004000
3380000 67017000
3390000 65005000
3400000 76006000
3410000 65005000
3420000 67016000
3430000 66005000
3440000 65005000
3450000 67005000
3460000 65016000
3470000 66005000
3480000 69005000
3490000 67004000
3500000 72003000
3510000 68018000
3520000 68005000
3530000 67017000
3540000 71005000
3550000 68005000
3560000 69994000
3570000 72011000
3580000 72994000
3590000 72993000
3600000 70006000
3610000 68008000
3620000 71996000
3630000 70007000
3640000 69005000
3650000 70994000
3660000 72006000
3670000 71005000
3680000 71005000
3690000 71004000
3700000 74997000
3710000 72017000
3720000 76004000
3730000 72001000
3740000 72005000
3750000 73005000
3760000 73004000
3770000 80007000
3780000 73007000
3790000 77004000
3800000 73005000
3810000 74004000
3820000 75007000
3830000 75006000
3840000 74018000
3850000 75006000
3860000 76006000
3870000 74017000
3880000 74006000
3890000 74005000
3900000 75005000
3910000 76006000
3920000 88007000
3930000 76005000
3940000 77018000
3950000 76006000
3960000 84006000
3970000 76006000
3980000 83006000
3990000 77005000
4000000 78006000
4010000 80006000
4020000 82008000
4030000 78006000
4040000 78006000
4050000 79007000
4060000 79008000
4070000 80007000
4080000 79006000
4090000 83006000
4100000 79006000
4110000 84004000
4120000 82006000
4130000 79014000
4140000 80005000
4150000 82996000
4160000 80006000
4170000 83008000
4180000 86006000
4190000 85994000
4200000 81007000
4210000 85007000
4220000 82006000
4230000 82007000
4240000 83006000
4250000 81006000
4260000 82007000
4270000 90992000
4280000 82007000
4290000 83016000
4300000 82006000
4310000 84006000
4320000 85007000
4330000 88007000
4340000 84007000
4350000 84007000
4360000 86007000
4370000 84007000
4380000 85006000
4390000 85008000
4400000 86007000
4410000 85003000
4420000 85008000
4430000 85006000
4440000 90006000
4450000 86007000
4460000 93007000
4470000 86007000
4480000 86006000
4490000 87006000
4500000 88007000
4510000 87008000
4520000 86006000
4530000 88007000
4540000 88007000
4550000 89007000
4560000 86006000
4570000 91007000
4580000 109008000
4590000 100005000
4600000 120008000
4610000 111010000
4620000 96009000
4630000 95009000
