10000 0
20000 0
30000 0
40000 0
50000 0
60000 0
70000 0
80000 0
90000 0
100000 0
110000 500500
120000 499000
130000 0
140000 503000
150000 0
160000 0
170000 0
180000 0
190000 505000
200000 0
210000 0
220000 750750
230000 0
240000 503500
250000 668333
260000 800800
270000 755250
280000 0
290000 835000
300000 801400
310000 667333
320000 751000
330000 750250
340000 667000
350000 749250
360000 877500
370000 802600
380000 801600
390000 889555
400000 832833
410000 751250
420000 1099800
430000 751000
440000 800000
450000 801600
460000 800000
470000 500500
480000 901700
490000 833833
500000 667666
510000 666666
520000 750000
530000 800000
540000 753000
550000 833666
560000 890888
570000 832000
580000 803200
590000 875000
600000 833500
610000 750000
620000 858285
630000 833166
640000 856857
650000 833666
660000 857285
670000 500000
680000 832166
690000 800200
700000 752500
710000 833333
720000 800800
730000 873250
740000 859000
750000 749750
760000 857571
770000 750000
780000 857285
790000 857285
800000 857714
810000 857571
820000 909090
830000 857571
840000 909545
850000 833166
860000 856714
870000 874625
880000 833500
890000 888777
900000 909454
910000 889222
920000 875000
930000 909454
940000 900600
950000 917666
960000 888333
970000 909818
980000 902900
990000 857000
1000000 890444
1010000 875000
1020000 916583
1030000 875125
1040000 929285
1050000 909363
1060000 873875
1070000 929285
1080000 909272
1090000 900800
1100000 874375
1110000 875750
1120000 875250
1130000 923615
1140000 917583
1150000 929928
1160000 1000941
1170000 955318
1180000 937500
1190000 928571
1200000 900600
1210000 916666
1220000 923923
1230000 929571
1240000 941647
1250000 944555
1260000 964571
1270000 909181
1280000 1000043
1290000 1000185
1300000 948105
1310000 947631
1320000 944333
1330000 941352
1340000 954272
1350000 1000176
1360000 952666
1370000 956956
1380000 958291
1390000 952523
1400000 960560
1410000 1000640
1420000 1000925
1430000 959375
1440000 967233
1450000 1000833
1460000 1001157
1470000 1000620
1480000 1000357
1490000 961576
1500000 1033064
1510000 1061060
1520000 1000516
1530000 969848
1540000 968968
1550000 973166
1560000 1000571
1570000 1000200
1580000 968562
1590000 971235
1600000 974157
1610000 966733
1620000 968875
1630000 1000868
1640000 1001290
1650000 1000526
1660000 977840
1670000 1000375
1680000 1000500
1690000 1027833
1700000 1001024
1710000 1023431
1720000 1000463
1730000 1000756
1740000 981538
1750000 1000152
1760000 967000
1770000 1022272
1780000 1021791
1790000 976000
1800000 1021382
1810000 1021914
1820000 1000842
1830000 1034033
1840000 979693
1850000 1000439
1860000 1078784
1870000 1017982
1880000 980183
1890000 1000183
1900000 1000203
1910000 1000607
1920000 1017283
1930000 1000196
1940000 1037592
1950000 983051
1960000 1080380
1970000 1033950
1980000 1000431
1990000 1020800
2000000 1014436
2010000 1016095
2020000 1053821
2030000 1000483
2040000 1000087
2050000 1001137
2060000 1000000
2070000 1072819
2080000 1015492
2090000 1116423
2100000 1015268
2110000 1015089
2120000 1000508
2130000 1015590
2140000 1083833
2150000 1000454
2160000 1130913
2170000 1000432
2180000 1065766
2190000 1000250
2200000 1062024
2210000 1052855
2220000 1012765
2230000 1039868
2240000 1061106
2250000 1013554
2260000 1078220
2270000 1086691
2280000 1054459
2290000 1058241
2300000 1027500
2310000 1037775
2320000 1057328
2330000 1000947
2340000 1036385
2350000 1067280
2360000 1040000
2370000 1151988
2380000 1078168
2390000 1084095
2400000 1081310
2410000 1123917
2420000 1138436
2430000 1040386
2440000 1110550
2450000 1107892
2460000 1033511
2470000 1097494
2480000 1023114
2490000 1164956
2500000 1144876
2510000 1061195
2520000 1102784
2530000 1110580
2540000 1054663
2550000 1088955
2560000 1063800
2570000 1112785
2580000 1198000
2590000 1040494
2600000 1208182
2610000 1085265
2620000 1067943
2630000 1168700
2640000 1185106
2650000 1114718
2660000 1153775
2670000 1127068
2680000 1159280
2690000 1133081
2700000 1141858
2710000 1139138
2720000 1175106
2730000 1124164
2740000 1074776
2750000 1106326
2760000 1158649
2770000 1168607
2780000 1142032
2790000 1167260
2800000 1082071
2810000 1190200
2820000 1195009
2830000 1144729
2840000 1170810
2850000 1091981
2860000 1136545
2870000 1181215
2880000 1156201
2890000 1172646
2900000 1275908
2910000 1252739
2920000 1152151
2930000 1198000
2940000 1150186
2950000 1181245
2960000 1167129
2970000 1140579
2980000 1206754
2990000 1195423
3000000 1193293
3010000 1209373
3020000 1162324
3030000 1160470
3040000 1124345
3050000 1219991
3060000 1091844
3070000 1215767
3080000 1220211
3090000 1270086
3100000 1257530
3110000 1133026
3120000 1224698
3130000 1202104
3140000 1233791
3150000 1287317
3160000 1199063
3170000 1182041
3180000 1239735
3190000 1254540
3200000 1227462
3210000 1210145
3220000 1216808
3230000 1299760
3240000 1254610
3250000 1211504
3260000 1187430
3270000 1252155
3280000 1211710
3290000 1303680
3300000 1274943
3310000 1233456
3320000 1191941
3330000 1241317
3340000 1250717
3350000 1314253
3360000 1250531
3370000 1237562
3380000 1368850
3390000 1267732
3400000 1310000
3410000 1231273
3420000 1311488
3430000 1279565
3440000 1217767
3450000 1536702
3460000 1443977
3470000 1540678
3480000 1750736
3490000 1480430
3500000 1338927
3510000 1274681
3520000 1311762
3530000 1323472
3540000 1319214
3550000 1352408
3560000 1395224
3570000 1381849
3580000 1351786
3590000 1396618
3600000 1280167
3610000 1355615
3620000 1356560
3630000 1319311
3640000 1313435
3650000 1294223
3660000 1324443
3670000 1413543
3680000 1420373
3690000 1276343
3700000 1373731
3710000 1350350
3720000 1443463
3730000 1349442
3740000 1436902
3750000 1269662
3760000 1439601
3770000 1421241
3780000 1400442
3790000 1329216
3800000 1387802
3810000 1324960
3820000 1425768
3830000 1362872
3840000 1428303
3850000 1411209
3860000 1453493
3870000 1430895
3880000 1516651
3890000 1510951
3900000 1410045
3910000 1454779
3920000 1420593
3930000 1433789
3940000 1455167
3950000 1385256
3960000 1462582
3970000 1431255
3980000 1525034
3990000 1435206
4000000 1406406
4010000 1431111
4020000 1457576
4030000 1443375
4040000 1404000
4050000 1426740
4060000 1540754
4070000 1396707
4080000 1433693
4090000 1401836
4100000 1585687
4110000 1471329
4120000 1448924
4130000 1448171
4140000 1552487
4150000 1409490
4160000 1553230
4170000 1503928
4180000 1482275
4190000 1438037
4200000 1497580
4210000 1467108
4220000 1487689
4230000 1457154
4240000 1513358
4250000 1578242
4260000 1411877
4270000 1456291
4280000 1477217
4290000 1525868
4300000 1522068
4310000 1516147
4320000 1532788
4330000 1529183
4340000 1551348
4350000 1560833
4360000 1541509
4370000 1614987
4380000 1509369
4390000 1654956
4400000 1442818
4410000 1625898
4420000 1595809
4430000 1482256
4440000 1522304
4450000 1553968
4460000 1600768
4470000 1626294
4480000 1593790
4490000 1603036
4500000 1631825
4510000 1555174
4520000 1621816
4530000 1607157
4540000 1630866
4550000 1601791
4560000 1673534
4570000 1624705
4580000 1714625
4590000 1572130
4600000 1671633
4610000 1605145
4620000 1663493
4630000 1567402
4640000 1567865
4650000 1667018
4660000 1639390
4670000 1513329
4680000 1628506
4690000 1661160
4700000 1576785
4710000 1680923
4720000 1725771
4730000 1541535
4740000 1762209
4750000 1627210
4760000 1615689
4770000 1659429
4780000 1646290
4790000 1719600
4800000 1569215
4810000 1702837
4820000 1674601
4830000 1620374
4840000 1694184
4850000 1721642
4860000 1623037
4870000 1712482
4880000 1608951
4890000 1822751
4900000 1678043
4910000 1644581
4920000 1729480
4930000 1817130
4940000 1655386
4950000 1729928
4960000 1766696
4970000 1628166
4980000 1649602
4990000 1800750
5000000 1689338
5010000 1771333
5020000 1727382
5030000 1736956
5040000 1796290
5050000 1733894
5060000 1720989
5070000 1815286
5080000 1842547
5090000 1785909
5100000 1840208
5110000 1788011
5120000 1729882
5130000 1699403
5140000 1795055
5150000 1670851
5160000 1770989
5170000 1779000
5180000 1622338
5190000 1777000
5200000 1747719
5210000 1725720
5220000 1846857
5230000 1723589
5240000 1872605
5250000 1809295
5260000 1799773
5270000 1820229
5280000 1761738
5290000 1839005
5300000 1705289
5310000 1833970
5320000 1738820
5330000 1818737
5340000 1826957
5350000 1808646
5360000 1922178
5370000 1887346
5380000 1718517
5390000 1815365
5400000 1760942
5410000 1861360
5420000 1797693
5430000 1914096
5440000 1839483
5450000 1905931
5460000 1959615
5470000 1732989
5480000 1856953
5490000 1764989
5500000 1902402
5510000 1827659
5520000 1934898
5530000 1880520
5540000 1821215
5550000 1905380
5560000 1880585
5570000 1778805
5580000 1990154
5590000 1899131
5600000 1908374
5610000 1869131
5620000 1864944
5630000 1915685
5640000 1926430
5650000 1877433
5660000 1907648
5670000 1872302
5680000 1926963
5690000 1836400
5700000 1995547
5710000 1837847
5720000 1936848
5730000 1842068
5740000 1845845
5750000 1830577
5760000 1937806
5770000 2015601
5780000 1901896
5790000 1919086
5800000 1956343
5810000 1954482
5820000 1917740
5830000 1934989
5840000 1913570
5850000 1959507
5860000 1971243
5870000 2005342
5880000 1855595
5890000 2099950
5900000 2055143
5910000 1976199
5920000 1844409
5930000 2077557
5940000 1956240
5950000 2074411
5960000 2117663
5970000 1887808
5980000 2154721
5990000 1982298
6000000 1959396
6010000 2131606
6020000 2038507
6030000 2201789
6040000 2149644
6050000 2202079
6060000 2209402
6070000 2048703
6080000 2061075
6090000 2459804
6100000 2455971
6110000 2373348
6120000 2052352
6130000 1947894
6140000 2107364
6150000 2033627
6160000 1990129
6170000 2072468
6180000 2142848
6190000 2111545
6200000 2046842
6210000 2053526
6220000 2087791
6230000 2057431
6240000 2214490
6250000 2014806
6260000 2181250
6270000 2171800
6280000 2014820
6290000 2180895
6300000 2170504
6310000 2117574
6320000 2037787
6330000 2065646
6340000 2047462
6350000 2195104
6360000 2095084
6370000 2204950
6380000 2096666
6390000 2190976
6400000 2000568
6410000 2208113
6420000 2124325
6430000 2233381
6440000 2180136
6450000 2195827
6460000 2191104
6470000 2195452
6480000 2090731
6490000 2144886
6500000 2243876
6510000 2189755
6520000 2172813
6530000 2276480
6540000 2109298
6550000 2259553
6560000 2165870
6570000 2133724
6580000 2155217
6590000 2268299
6600000 2150550
6610000 2092406
6620000 2255204
6630000 2116803
6640000 2123990
6650000 2253224
6660000 2226813
6670000 2295816
6680000 2208904
6690000 2201547
6700000 2124000
6710000 2195371
6720000 2174182
6730000 2124059
6740000 2248378
6750000 2236567
6760000 2205163
6770000 2482008
6780000 2669235
6790000 3395851
6800000 2761270
6810000 2992528
6820000 2383240
6830000 2366049
6840000 2408051
6850000 2313830
6860000 2322603
6870000 2460125
6880000 3149800
6890000 3412217
6900000 2901943
6910000 2727798
6920000 2640973
6930000 2643262
6940000 3109983
6950000 2483315
6960000 2763131
6970000 2554030
6980000 2514388
6990000 2664941
7000000 2773832
7010000 2723524
7020000 2813225
7030000 2753491
7040000 2687406
7050000 2448135
7060000 2584385
7070000 2416871
7080000 2757858
7090000 2422307
7100000 2406310
7110000 2773381
7120000 2693113
7130000 2525776
7140000 2288000
7150000 2345633
7160000 2284720
7170000 2271585
7180000 2388573
7190000 2380995
7200000 2467550
7210000 2385290
7220000 2275386
7230000 2454934
7240000 2328344
7250000 2389717
7260000 2445282
7270000 2434894
7280000 2359978
7290000 2432329
7300000 2427334
7310000 2374128
7320000 2340885
7330000 2321599
7340000 2399962
7350000 2435878
7360000 2324525
7370000 2357634
7380000 2447531
7390000 2452291
7400000 2475406
7410000 2364692
7420000 2478204
7430000 2509224
7440000 2430527
7450000 2334240
7460000 2726086
7470000 3025206
7480000 2727485
7490000 2405200
7500000 2221670
7510000 2352292
7520000 2399182
7530000 2426161
7540000 2450725
7550000 2453182
7560000 2506922
7570000 2594378
7580000 2583338
7590000 2513655
7600000 2547910
7610000 2440960
7620000 2484540
7630000 2521020
7640000 2531863
7650000 2331800
7660000 2597041
7670000 2525924
7680000 2543482
7690000 2520144
7700000 2548560
7710000 2405706
7720000 2535457
7730000 2597459
7740000 2433453
7750000 2584179
7760000 2539315
7770000 2510759
7780000 2545896
7790000 2610097
7800000 2472641
7810000 2521200
7820000 2593697
7830000 2409258
7840000 2583240
7850000 2528078
7860000 2554046
7870000 2610454
7880000 2530749
7890000 2539437
7900000 2561564
7910000 2523753
7920000 2650216
7930000 2518890
7940000 2637079
7950000 2607269
7960000 2547140
7970000 2774068
7980000 2551128
7990000 2649800
8000000 2783184
8010000 2569179
8020000 2750668
8030000 2600097
8040000 2639913
8050000 2623527
8060000 2783763
8070000 2603055
8080000 2664695
8090000 2700959
8100000 2645162
8110000 2630447
8120000 2624608
8130000 2540107
8140000 2481046
8150000 2746837
8160000 2757631
8170000 2735704
8180000 2632401
8190000 2594746
8200000 2492396
8210000 2567174
8220000 2655352
8230000 2577109
8240000 2765494
8250000 2684494
8260000 2680367
8270000 2865482
8280000 2743960
8290000 2689576
8300000 2581520
8310000 2659414
8320000 2623283
8330000 2749545
8340000 2715542
8350000 2748599
8360000 2750664
8370000 3471683
8380000 3040388
8390000 2845954
8400000 2745583
8410000 2759540
8420000 2669992
8430000 2731901
8440000 2832074
8450000 2648031
8460000 2708241
8470000 2698049
8480000 2694459
8490000 2856813
8500000 2863733
8510000 2608820
8520000 2791329
8530000 2752709
8540000 2948744
8550000 2785589
8560000 2866825
8570000 2737042
8580000 2859385
8590000 2678689
8600000 2826872
8610000 2826907
8620000 2880233
8630000 2969558
8640000 2823868
8650000 2761470
8660000 2791414
8670000 2738617
8680000 2863080
8690000 2654369
8700000 3027565
8710000 2920771
8720000 2733282
8730000 2867419
8740000 2851360
8750000 2891222
8760000 2849464
8770000 2804921
8780000 2899434
8790000 2808323
8800000 2782264
8810000 2872339
8820000 2826770
8830000 3305092
8840000 2917329
8850000 3345663
8860000 3922541
8870000 3890841
8880000 4303719
8890000 4236371
8900000 4761623
8910000 3921534
8920000 3903406
8930000 3478807
8940000 3502551
8950000 3471181
8960000 3622921
8970000 3302592
8980000 3422447
8990000 3554030
9000000 3509738
9010000 3429350
9020000 3473711
9030000 3410442
9040000 2938219
9050000 3059527
9060000 3026909
9070000 2838645
9080000 2942262
9090000 2855698
9100000 2897340
9110000 2989488
9120000 2929608
9130000 2989450
9140000 3008172
9150000 2966823
9160000 2846179
9170000 3084886
9180000 2955565
9190000 3053751
9200000 3071148
9210000 2886600
9220000 2856244
9230000 2978523
9240000 2887774
9250000 3022509
9260000 2892477
9270000 3187428
9280000 3158924
9290000 2865102
9300000 3074683
9310000 3004294
9320000 3112093
9330000 2838373
9340000 2941511
9350000 3003992
9360000 3085542
9370000 2982465
9380000 2975500
9390000 3028799
9400000 3063544
9410000 3075770
9420000 2916410
9430000 2889376
9440000 3008104
9450000 3000568
9460000 2917286
9470000 3015032
9480000 2957789
9490000 3229661
9500000 2928090
9510000 3100762
9520000 2915414
9530000 3144021
9540000 3046780
9550000 3036920
9560000 3112321
9570000 3465566
9580000 3673234
9590000 3191187
9600000 3142524
9610000 3057372
9620000 3262330
9630000 3295633
9640000 2940046
9650000 3057336
9660000 3273967
9670000 3054979
9680000 3139388
9690000 3270864
9700000 3120260
9710000 3098503
9720000 3256895
9730000 3077386
9740000 3107473
9750000 3243809
9760000 3204282
9770000 3151440
9780000 3235458
9790000 3154335
9800000 3238326
9810000 3249043
9820000 3212164
9830000 3245104
9840000 3535400
9850000 3146250
9860000 3205770
9870000 3171501
9880000 3114053
9890000 3213659
9900000 3387214
9910000 3684690
9920000 3279017
9930000 3184763
9940000 3219533
9950000 3147167
9960000 3324024
9970000 3180893
9980000 3250566
9990000 3243560
