10000 0
20000 0
30000 0
40000 0
50000 0
60000 0
70000 0
80000 0
90000 0
100000 0
110000 0
120000 0
130000 0
140000 0
150000 0
160000 0
170000 0
180000 0
190000 0
200000 0
210000 0
220000 0
230000 0
240000 0
250000 0
260000 0
270000 0
280000 0
290000 0
300000 0
310000 0
320000 0
330000 0
340000 0
350000 0
360000 0
370000 0
380000 0
390000 0
400000 0
410000 0
420000 0
430000 0
440000 0
450000 0
460000 0
470000 0
480000 0
490000 0
500000 0
510000 0
520000 0
530000 0
540000 0
550000 0
560000 0
570000 0
580000 0
590000 0
600000 0
610000 0
620000 0
630000 0
640000 0
650000 0
660000 0
670000 0
680000 0
690000 0
700000 0
710000 0
720000 0
730000 0
740000 0
750000 0
760000 0
770000 0
780000 0
790000 0
800000 0
810000 0
820000 0
830000 0
840000 0
850000 0
860000 0
870000 0
880000 0
890000 0
900000 0
910000 0
920000 0
930000 0
940000 0
950000 0
960000 0
970000 501500
980000 0
990000 0
1000000 0
1010000 0
1020000 0
1030000 0
1040000 0
1050000 0
1060000 0
1070000 0
1080000 0
1090000 0
1100000 0
1110000 0
1120000 0
1130000 0
1140000 0
1150000 0
1160000 0
1170000 0
1180000 0
1190000 0
1200000 0
1210000 0
1220000 0
1230000 0
1240000 0
1250000 0
1260000 0
1270000 0
1280000 0
1290000 0
1300000 0
1310000 0
1320000 0
1330000 0
1340000 0
1350000 0
1360000 0
1370000 0
1380000 0
1390000 0
1400000 0
1410000 0
1420000 0
1430000 0
1440000 0
1450000 0
1460000 0
1470000 0
1480000 0
1490000 0
1500000 0
1510000 0
1520000 0
1530000 0
1540000 0
1550000 0
1560000 0
1570000 0
1580000 0
1590000 0
1600000 0
1610000 0
1620000 0
1630000 0
1640000 0
1650000 0
1660000 0
1670000 0
1680000 0
1690000 0
1700000 0
1710000 0
1720000 0
1730000 0
1740000 0
1750000 0
1760000 0
1770000 0
1780000 0
1790000 0
1800000 0
1810000 0
1820000 0
1830000 0
1840000 0
1850000 0
1860000 0
1870000 0
1880000 0
1890000 0
1900000 497000
1910000 0
1920000 0
1930000 0
1940000 500000
1950000 0
1960000 0
1970000 0
1980000 0
1990000 0
2000000 0
2010000 0
2020000 0
2030000 0
2040000 0
2050000 0
2060000 0
2070000 0
2080000 0
2090000 0
2100000 0
2110000 0
2120000 0
2130000 0
2140000 0
2150000 0
2160000 0
2170000 0
2180000 0
2190000 0
2200000 0
2210000 0
2220000 0
2230000 0
2240000 0
2250000 0
2260000 0
2270000 0
2280000 0
2290000 0
2300000 0
2310000 0
2320000 0
2330000 0
2340000 0
2350000 500000
2360000 0
2370000 0
2380000 0
2390000 0
2400000 0
2410000 0
2420000 0
2430000 0
2440000 0
2450000 0
2460000 0
2470000 0
2480000 0
2490000 0
2500000 0
2510000 0
2520000 0
2530000 0
2540000 0
2550000 0
2560000 0
2570000 0
2580000 0
2590000 0
2600000 0
2610000 0
2620000 0
2630000 0
2640000 0
2650000 0
2660000 0
2670000 0
2680000 0
2690000 0
2700000 0
2710000 0
2720000 0
2730000 0
2740000 0
2750000 0
2760000 0
2770000 0
2780000 0
2790000 0
2800000 0
2810000 0
2820000 0
2830000 0
2840000 0
2850000 0
2860000 0
2870000 0
2880000 0
2890000 0
2900000 0
2910000 0
2920000 0
2930000 0
2940000 0
2950000 0
2960000 0
2970000 0
2980000 0
2990000 0
3000000 0
3010000 0
3020000 0
3030000 0
3040000 0
3050000 0
3060000 500500
3070000 0
3080000 0
3090000 0
3100000 0
3110000 0
3120000 0
3130000 0
3140000 0
3150000 0
3160000 0
3170000 0
3180000 0
3190000 0
3200000 0
3210000 0
3220000 0
3230000 0
3240000 0
3250000 0
3260000 0
3270000 0
3280000 0
3290000 0
3300000 0
3310000 0
3320000 0
3330000 0
3340000 0
3350000 0
3360000 0
3370000 0
3380000 0
3390000 0
3400000 0
3410000 0
3420000 0
3430000 0
3440000 0
3450000 0
3460000 0
3470000 0
3480000 0
3490000 0
3500000 0
3510000 0
3520000 502000
3530000 0
3540000 0
3550000 0
3560000 0
3570000 0
3580000 0
3590000 0
3600000 0
3610000 0
3620000 0
3630000 0
3640000 0
3650000 0
3660000 0
3670000 0
3680000 0
3690000 0
3700000 0
3710000 0
3720000 0
3730000 0
3740000 0
3750000 0
3760000 0
3770000 0
3780000 0
3790000 0
3800000 0
3810000 0
3820000 0
3830000 500500
3840000 0
3850000 0
3860000 0
3870000 0
3880000 0
3890000 0
3900000 0
3910000 0
3920000 0
3930000 0
3940000 0
3950000 0
3960000 0
3970000 0
3980000 0
3990000 0
4000000 0
4010000 0
4020000 0
4030000 0
4040000 0
4050000 0
4060000 0
4070000 505000
4080000 0
4090000 0
4100000 0
4110000 0
4120000 0
4130000 0
4140000 0
4150000 0
4160000 0
4170000 0
4180000 0
4190000 0
4200000 0
4210000 0
4220000 0
4230000 0
4240000 0
4250000 0
4260000 0
4270000 0
4280000 0
4290000 0
4300000 0
4310000 0
4320000 0
4330000 0
4340000 0
4350000 0
4360000 0
4370000 0
4380000 0
4390000 0
4400000 0
4410000 0
4420000 0
4430000 0
4440000 0
4450000 0
4460000 0
4470000 0
4480000 0
4490000 0
4500000 0
4510000 0
4520000 0
4530000 0
4540000 0
4550000 0
4560000 0
4570000 499500
4580000 0
4590000 0
4600000 0
4610000 0
4620000 0
4630000 0
4640000 0
4650000 0
4660000 0
4670000 0
4680000 0
4690000 0
4700000 499500
4710000 0
4720000 0
4730000 0
4740000 0
4750000 0
4760000 0
4770000 500000
4780000 0
4790000 0
4800000 0
4810000 0
4820000 0
4830000 0
4840000 0
4850000 503500
4860000 0
4870000 0
4880000 0
4890000 0
4900000 0
4910000 0
4920000 0
4930000 0
4940000 0
4950000 0
4960000 0
4970000 0
4980000 0
4990000 0
5000000 0
5010000 0
5020000 0
5030000 0
5040000 499500
5050000 0
5060000 501000
5070000 0
5080000 0
5090000 0
5100000 0
5110000 0
5120000 0
5130000 0
5140000 0
5150000 0
5160000 0
5170000 0
5180000 0
5190000 0
5200000 0
5210000 0
5220000 0
5230000 0
5240000 0
5250000 0
5260000 0
5270000 0
5280000 0
5290000 0
5300000 0
5310000 0
5320000 0
5330000 0
5340000 0
5350000 0
5360000 0
5370000 0
5380000 500000
5390000 0
5400000 0
5410000 0
5420000 0
5430000 0
5440000 0
5450000 499500
5460000 0
5470000 0
5480000 0
5490000 0
5500000 0
5510000 0
5520000 0
5530000 0
5540000 0
5550000 0
5560000 0
5570000 0
5580000 0
5590000 0
5600000 0
5610000 490500
5620000 0
5630000 0
5640000 0
5650000 0
5660000 0
5670000 0
5680000 0
5690000 0
5700000 0
5710000 0
5720000 0
5730000 0
5740000 0
5750000 0
5760000 0
5770000 0
5780000 0
5790000 0
5800000 0
5810000 0
5820000 0
5830000 0
5840000 500500
5850000 0
5860000 0
5870000 0
5880000 0
5890000 0
5900000 0
5910000 501000
5920000 0
5930000 0
5940000 0
5950000 0
5960000 0
5970000 0
5980000 0
5990000 0
6000000 501000
6010000 0
6020000 0
6030000 0
6040000 0
6050000 0
6060000 0
6070000 0
6080000 0
6090000 0
6100000 0
6110000 0
6120000 0
6130000 0
6140000 0
6150000 0
6160000 0
6170000 0
6180000 0
6190000 0
6200000 0
6210000 0
6220000 0
6230000 0
6240000 0
6250000 0
6260000 0
6270000 0
6280000 0
6290000 0
6300000 0
6310000 0
6320000 0
6330000 0
6340000 0
6350000 0
6360000 0
6370000 0
6380000 0
6390000 0
6400000 0
6410000 500000
6420000 0
6430000 0
6440000 0
6450000 0
6460000 0
6470000 0
6480000 0
6490000 0
6500000 0
6510000 0
6520000 0
6530000 0
6540000 0
6550000 0
6560000 0
6570000 0
6580000 0
6590000 0
6600000 0
6610000 0
6620000 498500
6630000 0
6640000 0
6650000 0
6660000 0
6670000 0
6680000 0
6690000 500500
6700000 0
6710000 0
6720000 0
6730000 0
6740000 0
6750000 0
6760000 0
6770000 0
6780000 0
6790000 0
6800000 0
6810000 0
6820000 0
6830000 0
6840000 0
6850000 500000
6860000 0
6870000 0
6880000 0
6890000 0
6900000 0
6910000 0
6920000 0
6930000 0
6940000 0
6950000 0
6960000 0
6970000 0
6980000 0
6990000 0
7000000 0
7010000 0
7020000 0
7030000 0
7040000 0
7050000 0
7060000 0
7070000 0
7080000 0
7090000 0
7100000 0
7110000 0
7120000 0
7130000 0
7140000 0
7150000 0
7160000 0
7170000 0
7180000 0
7190000 0
7200000 0
7210000 0
7220000 0
7230000 0
7240000 0
7250000 0
7260000 0
7270000 0
7280000 0
7290000 0
7300000 0
7310000 0
7320000 0
7330000 0
7340000 0
7350000 0
7360000 0
7370000 0
7380000 0
7390000 0
7400000 0
7410000 0
7420000 0
7430000 0
7440000 0
7450000 0
7460000 0
7470000 0
7480000 0
7490000 0
7500000 0
7510000 0
7520000 0
7530000 0
7540000 0
7550000 0
7560000 0
7570000 0
7580000 0
7590000 0
7600000 0
7610000 0
7620000 0
7630000 0
7640000 0
7650000 0
7660000 0
7670000 0
7680000 0
7690000 0
7700000 0
7710000 0
7720000 0
7730000 0
7740000 0
7750000 0
7760000 500500
7770000 0
7780000 0
7790000 0
7800000 501500
7810000 0
7820000 0
7830000 0
7840000 0
7850000 0
7860000 0
7870000 0
7880000 0
7890000 0
7900000 0
7910000 0
7920000 0
7930000 0
7940000 0
7950000 0
7960000 0
7970000 0
7980000 0
7990000 0
8000000 0
8010000 0
8020000 0
8030000 0
8040000 0
8050000 0
8060000 0
8070000 0
8080000 0
8090000 0
8100000 0
8110000 0
8120000 0
8130000 0
8140000 0
8150000 0
8160000 0
8170000 0
8180000 0
8190000 501000
8200000 0
8210000 0
8220000 0
8230000 0
8240000 0
8250000 0
8260000 0
8270000 0
8280000 0
8290000 0
8300000 0
8310000 0
8320000 0
8330000 0
8340000 0
8350000 0
8360000 0
8370000 0
8380000 0
8390000 0
8400000 0
8410000 0
8420000 0
8430000 0
8440000 0
8450000 0
8460000 0
8470000 500500
8480000 0
8490000 0
8500000 0
8510000 0
8520000 0
8530000 0
8540000 0
8550000 0
8560000 0
8570000 0
8580000 0
8590000 0
8600000 0
8610000 0
8620000 500000
8630000 0
8640000 0
8650000 0
8660000 0
8670000 500500
8680000 0
8690000 501000
8700000 0
8710000 0
8720000 0
8730000 0
8740000 0
8750000 0
8760000 0
8770000 0
8780000 0
8790000 0
8800000 0
8810000 0
8820000 0
8830000 0
8840000 0
8850000 0
8860000 0
8870000 0
8880000 0
8890000 500000
8900000 0
8910000 0
8920000 0
8930000 0
8940000 0
8950000 0
8960000 500500
8970000 0
8980000 0
8990000 0
9000000 0
9010000 0
9020000 0
9030000 0
9040000 0
9050000 0
9060000 0
9070000 0
9080000 500500
9090000 0
9100000 0
9110000 0
9120000 0
9130000 0
9140000 0
9150000 0
9160000 0
9170000 0
9180000 0
9190000 0
9200000 0
9210000 500500
9220000 0
9230000 501000
9240000 0
9250000 0
9260000 0
9270000 0
9280000 0
9290000 0
9300000 0
9310000 0
9320000 0
9330000 0
9340000 0
9350000 0
9360000 0
9370000 0
9380000 0
9390000 0
9400000 0
9410000 0
9420000 0
9430000 0
9440000 500000
9450000 0
9460000 0
9470000 0
9480000 0
9490000 0
9500000 0
9510000 0
9520000 0
9530000 0
9540000 0
9550000 0
9560000 0
9570000 0
9580000 0
9590000 0
9600000 0
9610000 0
9620000 0
9630000 0
9640000 0
9650000 0
9660000 0
9670000 0
9680000 0
9690000 500500
9700000 0
9710000 0
9720000 0
9730000 501000
9740000 0
9750000 0
9760000 0
9770000 0
9780000 500000
9790000 0
9800000 0
9810000 0
9820000 0
9830000 0
9840000 0
9850000 0
9860000 0
9870000 0
9880000 500000
9890000 0
9900000 0
9910000 0
9920000 0
9930000 0
9940000 0
9950000 0
9960000 0
9970000 0
9980000 0
9990000 0
10000000 0
10010000 0
10020000 0
10030000 0
10040000 0
10050000 0
10060000 0
10070000 0
10080000 0
10090000 0
10100000 0
10110000 0
10120000 0
10130000 0
10140000 0
10150000 0
10160000 0
10170000 0
10180000 0
10190000 0
10200000 0
10210000 0
10220000 0
10230000 0
10240000 0
10250000 0
10260000 0
10270000 0
10280000 0
10290000 0
10300000 0
10310000 0
10320000 0
10330000 0
10340000 0
10350000 0
10360000 666666
10370000 0
10380000 0
10390000 0
10400000 0
10410000 0
10420000 0
10430000 0
10440000 0
10450000 0
10460000 0
10470000 0
10480000 0
10490000 0
10500000 0
10510000 0
10520000 0
10530000 0
10540000 0
10550000 0
10560000 0
10570000 0
10580000 0
10590000 0
10600000 0
10610000 0
10620000 0
10630000 0
10640000 0
10650000 0
10660000 0
10670000 0
10680000 0
10690000 0
10700000 0
10710000 0
10720000 0
10730000 0
10740000 0
10750000 0
10760000 500000
10770000 0
10780000 0
10790000 0
10800000 0
10810000 0
10820000 0
10830000 0
10840000 0
10850000 0
10860000 0
10870000 0
10880000 0
10890000 500500
10900000 0
10910000 0
10920000 0
10930000 0
10940000 500500
10950000 0
10960000 0
10970000 0
10980000 0
10990000 0
11000000 0
11010000 0
11020000 0
11030000 0
11040000 0
11050000 0
11060000 0
11070000 0
11080000 0
11090000 0
11100000 0
11110000 0
11120000 0
11130000 0
11140000 0
11150000 0
11160000 0
11170000 0
11180000 0
11190000 0
11200000 0
11210000 0
11220000 0
11230000 0
11240000 0
11250000 0
11260000 0
11270000 0
11280000 0
11290000 0
11300000 0
11310000 0
11320000 0
11330000 0
11340000 0
11350000 0
11360000 0
11370000 0
11380000 0
11390000 0
11400000 0
11410000 0
11420000 0
11430000 0
11440000 0
11450000 0
11460000 0
11470000 0
11480000 0
11490000 0
11500000 0
11510000 0
11520000 0
11530000 0
11540000 501000
11550000 0
11560000 0
11570000 0
11580000 0
11590000 500000
11600000 0
11610000 0
11620000 0
11630000 0
11640000 0
11650000 501000
11660000 0
11670000 0
11680000 0
11690000 0
11700000 0
11710000 0
11720000 0
11730000 0
11740000 0
11750000 0
11760000 0
11770000 0
11780000 0
11790000 0
11800000 0
11810000 0
11820000 0
11830000 0
11840000 0
11850000 0
11860000 0
11870000 0
11880000 0
11890000 0
11900000 0
11910000 0
11920000 0
11930000 0
11940000 0
11950000 0
11960000 0
11970000 0
11980000 0
11990000 0
12000000 500000
12010000 0
12020000 0
12030000 0
12040000 0
12050000 0
12060000 0
12070000 0
12080000 0
12090000 498500
12100000 0
12110000 0
12120000 0
12130000 0
12140000 0
12150000 0
12160000 0
12170000 0
12180000 0
12190000 0
12200000 0
12210000 0
12220000 0
12230000 0
12240000 0
12250000 0
12260000 0
12270000 0
12280000 0
12290000 0
12300000 0
12310000 500500
12320000 0
12330000 0
12340000 0
12350000 0
12360000 0
12370000 0
12380000 0
12390000 0
12400000 500500
12410000 0
12420000 0
12430000 0
12440000 0
12450000 0
12460000 499000
12470000 0
12480000 0
12490000 0
12500000 0
12510000 0
12520000 0
12530000 0
12540000 0
12550000 0
12560000 502000
12570000 0
12580000 0
12590000 0
12600000 500000
12610000 0
12620000 502000
12630000 0
12640000 0
12650000 0
12660000 500500
12670000 0
12680000 499500
12690000 0
12700000 0
12710000 0
12720000 0
12730000 0
12740000 500500
12750000 0
12760000 0
12770000 0
12780000 0
12790000 0
12800000 0
12810000 0
12820000 0
12830000 0
12840000 0
12850000 0
12860000 0
12870000 0
12880000 0
12890000 0
12900000 500500
12910000 0
12920000 0
12930000 0
12940000 501000
12950000 0
12960000 0
12970000 0
12980000 0
12990000 0
13000000 0
13010000 500500
13020000 0
13030000 0
13040000 0
13050000 0
13060000 0
13070000 0
13080000 0
13090000 0
13100000 0
13110000 0
13120000 0
13130000 0
13140000 0
13150000 0
13160000 500000
13170000 0
13180000 0
13190000 500000
13200000 0
13210000 0
13220000 0
13230000 0
13240000 0
13250000 0
13260000 0
13270000 0
13280000 0
13290000 0
13300000 0
13310000 0
13320000 0
13330000 0
13340000 0
13350000 0
13360000 0
13370000 0
13380000 0
13390000 0
13400000 0
13410000 499500
13420000 0
13430000 0
13440000 0
13450000 0
13460000 0
13470000 500000
13480000 0
13490000 0
13500000 0
13510000 0
13520000 0
13530000 0
13540000 500000
13550000 0
13560000 0
13570000 0
13580000 0
13590000 0
13600000 0
13610000 0
13620000 0
13630000 0
13640000 0
13650000 0
13660000 0
13670000 0
13680000 0
13690000 0
13700000 0
13710000 0
13720000 0
13730000 0
13740000 0
13750000 0
13760000 0
13770000 0
13780000 0
13790000 0
13800000 0
13810000 0
13820000 0
13830000 500000
13840000 0
13850000 0
13860000 0
13870000 0
13880000 0
13890000 0
13900000 0
13910000 0
13920000 0
13930000 0
13940000 0
13950000 0
13960000 0
13970000 0
13980000 0
13990000 0
14000000 0
14010000 0
14020000 0
14030000 0
14040000 0
14050000 0
14060000 0
14070000 0
14080000 0
14090000 0
14100000 0
14110000 500000
14120000 0
14130000 0
14140000 0
14150000 0
14160000 0
14170000 0
14180000 0
14190000 0
14200000 0
14210000 0
14220000 500500
14230000 0
14240000 0
14250000 0
14260000 0
14270000 0
14280000 0
14290000 0
14300000 0
14310000 0
14320000 0
14330000 0
14340000 0
14350000 0
14360000 0
14370000 0
14380000 0
14390000 0
14400000 0
14410000 0
14420000 0
14430000 0
14440000 0
14450000 0
14460000 0
14470000 0
14480000 0
14490000 0
14500000 0
14510000 0
14520000 500500
14530000 0
14540000 501500
14550000 0
14560000 0
14570000 497500
14580000 0
14590000 0
14600000 0
14610000 0
14620000 500500
14630000 0
14640000 0
14650000 0
14660000 0
14670000 500000
14680000 0
14690000 0
14700000 0
14710000 0
14720000 0
14730000 0
14740000 0
14750000 0
14760000 0
14770000 0
14780000 0
14790000 0
14800000 0
14810000 0
14820000 0
14830000 0
14840000 0
14850000 0
14860000 0
14870000 0
14880000 0
14890000 0
14900000 0
14910000 0
14920000 500500
14930000 0
14940000 0
14950000 0
14960000 0
14970000 0
14980000 0
14990000 0
15000000 0
15010000 0
15020000 0
15030000 0
15040000 0
15050000 0
15060000 0
15070000 0
15080000 0
15090000 0
15100000 0
15110000 0
15120000 0
15130000 0
15140000 0
15150000 0
15160000 0
15170000 0
15180000 0
15190000 0
15200000 0
15210000 0
15220000 0
15230000 0
15240000 0
15250000 0
15260000 0
15270000 500500
15280000 0
15290000 0
15300000 0
15310000 0
15320000 0
15330000 0
15340000 0
15350000 499000
15360000 0
15370000 0
15380000 0
15390000 0
15400000 0
15410000 0
15420000 0
15430000 0
15440000 0
15450000 0
15460000 0
15470000 0
15480000 0
15490000 0
15500000 0
15510000 0
15520000 0
15530000 0
15540000 0
15550000 0
15560000 0
15570000 0
15580000 0
15590000 0
15600000 0
15610000 0
15620000 0
15630000 0
15640000 0
15650000 0
15660000 0
15670000 0
15680000 0
15690000 0
15700000 0
15710000 0
15720000 0
15730000 0
15740000 0
15750000 0
15760000 501000
15770000 0
15780000 0
15790000 0
15800000 0
15810000 0
15820000 0
15830000 0
15840000 0
15850000 500500
15860000 0
15870000 0
15880000 0
15890000 0
15900000 0
15910000 0
15920000 500500
15930000 0
15940000 0
15950000 0
15960000 0
15970000 500000
15980000 0
15990000 0
16000000 0
16010000 0
16020000 0
16030000 500000
16040000 0
16050000 0
16060000 500000
16070000 0
16080000 0
16090000 0
16100000 0
16110000 0
16120000 0
16130000 0
16140000 0
16150000 0
16160000 0
16170000 0
16180000 0
16190000 0
16200000 0
16210000 0
16220000 0
16230000 0
16240000 0
16250000 0
16260000 0
16270000 0
16280000 0
16290000 0
16300000 0
16310000 0
16320000 0
16330000 0
16340000 0
16350000 0
16360000 0
16370000 0
16380000 0
16390000 0
16400000 0
16410000 0
16420000 0
16430000 0
16440000 0
16450000 0
16460000 500000
16470000 0
16480000 0
16490000 0
16500000 0
16510000 0
16520000 0
16530000 0
16540000 0
16550000 0
16560000 0
16570000 0
16580000 0
16590000 0
16600000 0
16610000 0
16620000 0
16630000 0
16640000 0
16650000 0
16660000 0
16670000 500500
16680000 0
16690000 0
16700000 0
16710000 0
16720000 0
16730000 0
16740000 0
16750000 0
16760000 500000
16770000 0
16780000 0
16790000 0
16800000 0
16810000 0
16820000 500000
16830000 0
16840000 500000
16850000 0
16860000 0
16870000 0
16880000 0
16890000 500000
16900000 0
16910000 0
16920000 0
16930000 0
16940000 0
16950000 500000
16960000 0
16970000 0
16980000 0
16990000 0
17000000 500000
17010000 0
17020000 500000
17030000 0
17040000 0
17050000 0
17060000 0
17070000 0
17080000 0
17090000 0
17100000 0
17110000 0
17120000 0
17130000 0
17140000 0
17150000 0
17160000 0
17170000 0
17180000 0
17190000 0
17200000 0
17210000 0
17220000 0
17230000 0
17240000 0
17250000 0
17260000 0
17270000 0
17280000 0
17290000 0
17300000 0
17310000 0
17320000 0
17330000 0
17340000 0
17350000 0
17360000 0
17370000 0
17380000 0
17390000 0
17400000 0
17410000 0
17420000 500000
17430000 0
17440000 0
17450000 0
17460000 0
17470000 0
17480000 0
17490000 0
17500000 0
17510000 0
17520000 0
17530000 0
17540000 500000
17550000 0
17560000 499500
17570000 0
17580000 0
17590000 0
17600000 0
17610000 0
17620000 0
17630000 0
17640000 0
17650000 0
17660000 0
17670000 0
17680000 0
17690000 0
17700000 0
17710000 0
17720000 0
17730000 0
17740000 0
17750000 0
17760000 0
17770000 0
17780000 0
17790000 0
17800000 0
17810000 0
17820000 0
17830000 0
17840000 0
17850000 0
17860000 0
17870000 0
17880000 0
17890000 500500
17900000 0
17910000 500000
17920000 0
17930000 0
17940000 0
17950000 0
17960000 0
17970000 0
17980000 0
17990000 0
18000000 0
18010000 0
18020000 0
18030000 0
18040000 0
18050000 500000
18060000 0
18070000 0
18080000 0
18090000 0
18100000 0
18110000 0
18120000 0
18130000 0
18140000 0
18150000 0
18160000 0
18170000 0
18180000 0
18190000 0
18200000 0
18210000 0
18220000 500000
18230000 0
18240000 0
18250000 0
18260000 0
18270000 0
18280000 0
18290000 0
18300000 0
18310000 499500
18320000 0
18330000 0
18340000 0
18350000 0
18360000 0
18370000 0
18380000 0
18390000 0
18400000 0
18410000 0
18420000 0
18430000 0
18440000 0
18450000 0
18460000 0
18470000 499500
18480000 0
18490000 0
18500000 0
18510000 0
18520000 0
18530000 0
18540000 0
18550000 0
18560000 0
18570000 0
18580000 500000
18590000 500000
18600000 0
18610000 0
18620000 0
18630000 0
18640000 0
18650000 0
18660000 0
18670000 0
18680000 0
18690000 0
18700000 0
18710000 0
18720000 0
18730000 0
18740000 0
18750000 0
18760000 0
18770000 0
18780000 0
18790000 0
18800000 0
18810000 0
18820000 0
18830000 0
18840000 0
18850000 0
18860000 500000
18870000 0
18880000 0
18890000 0
18900000 0
18910000 500000
18920000 0
18930000 0
18940000 0
18950000 0
18960000 0
18970000 0
18980000 0
18990000 0
19000000 0
19010000 0
19020000 0
19030000 0
19040000 0
19050000 0
19060000 0
19070000 0
19080000 0
19090000 0
19100000 0
19110000 0
19120000 0
19130000 0
19140000 0
19150000 500000
19160000 500000
19170000 0
19180000 500000
19190000 0
19200000 0
19210000 0
19220000 0
19230000 0
19240000 0
19250000 0
19260000 0
19270000 0
19280000 499500
19290000 0
19300000 0
19310000 0
19320000 666000
19330000 0
19340000 0
19350000 500000
19360000 0
19370000 0
19380000 0
19390000 0
19400000 0
19410000 0
19420000 0
19430000 0
19440000 0
19450000 0
19460000 0
19470000 0
19480000 0
19490000 0
19500000 0
19510000 0
19520000 0
19530000 0
19540000 0
19550000 0
19560000 0
19570000 0
19580000 0
19590000 0
19600000 0
19610000 0
19620000 500000
19630000 0
19640000 0
19650000 0
19660000 0
19670000 0
19680000 0
19690000 0
19700000 0
19710000 0
19720000 0
19730000 0
19740000 0
19750000 0
19760000 0
19770000 500000
19780000 0
19790000 0
19800000 0
19810000 0
19820000 0
19830000 0
19840000 0
19850000 500000
19860000 0
19870000 500000
19880000 0
19890000 0
19900000 0
19910000 0
19920000 0
19930000 0
19940000 500000
19950000 0
19960000 500500
19970000 0
19980000 0
19990000 500000
20000000 0
20010000 0
20020000 0
20030000 0
20040000 0
20050000 0
20060000 0
20070000 0
20080000 0
20090000 0
20100000 0
20110000 0
20120000 0
20130000 0
20140000 0
20150000 500000
20160000 0
20170000 0
20180000 0
20190000 0
20200000 0
20210000 0
20220000 0
20230000 0
20240000 0
20250000 0
20260000 0
20270000 0
20280000 500000
20290000 0
20300000 0
20310000 0
20320000 0
20330000 0
20340000 0
20350000 0
20360000 0
20370000 0
20380000 0
20390000 499500
20400000 500000
20410000 0
20420000 0
20430000 0
20440000 500000
20450000 0
20460000 0
20470000 500000
20480000 0
20490000 0
20500000 0
20510000 0
20520000 0
20530000 0
20540000 0
20550000 0
20560000 0
20570000 0
20580000 0
20590000 0
20600000 0
20610000 0
20620000 0
20630000 0
20640000 0
20650000 0
20660000 0
20670000 0
20680000 0
20690000 0
20700000 0
20710000 0
20720000 0
20730000 0
20740000 0
20750000 0
20760000 500500
20770000 0
20780000 0
20790000 0
20800000 0
20810000 0
20820000 500000
20830000 0
20840000 0
20850000 0
20860000 0
20870000 0
20880000 0
20890000 0
20900000 0
20910000 0
20920000 0
20930000 0
20940000 500000
20950000 0
20960000 0
20970000 0
20980000 500000
20990000 0
21000000 0
21010000 0
21020000 0
21030000 0
21040000 0
21050000 0
21060000 0
21070000 0
21080000 0
21090000 500500
21100000 0
21110000 0
21120000 0
21130000 0
21140000 0
21150000 0
21160000 0
21170000 0
21180000 0
21190000 0
21200000 0
21210000 0
21220000 0
21230000 500000
21240000 0
21250000 667000
21260000 0
21270000 0
21280000 500000
21290000 0
21300000 0
21310000 0
21320000 500000
21330000 0
21340000 0
21350000 0
21360000 0
21370000 500000
21380000 0
21390000 665000
21400000 0
21410000 0
21420000 499500
21430000 0
21440000 500500
21450000 0
21460000 0
21470000 500500
21480000 500000
21490000 0
21500000 0
21510000 0
21520000 500500
21530000 0
21540000 0
21550000 0
21560000 0
21570000 0
21580000 0
21590000 0
21600000 0
21610000 0
21620000 0
21630000 0
21640000 0
21650000 0
21660000 0
21670000 500000
21680000 0
21690000 0
21700000 0
21710000 0
21720000 499500
21730000 0
21740000 0
21750000 0
21760000 500000
21770000 0
21780000 0
21790000 0
21800000 0
21810000 667000
21820000 0
21830000 0
21840000 0
21850000 0
21860000 0
21870000 0
21880000 0
21890000 0
21900000 0
21910000 0
21920000 500500
21930000 0
21940000 0
21950000 0
21960000 0
21970000 0
21980000 501500
21990000 0
22000000 0
22010000 0
22020000 0
22030000 0
22040000 0
22050000 0
22060000 0
22070000 0
22080000 0
22090000 0
22100000 0
22110000 0
22120000 0
22130000 0
22140000 0
22150000 7000
22160000 0
22170000 499500
22180000 0
22190000 499500
22200000 0
22210000 0
22220000 0
22230000 500500
22240000 0
22250000 0
22260000 500500
22270000 0
22280000 0
22290000 0
22300000 0
22310000 0
22320000 0
22330000 0
22340000 0
22350000 0
22360000 0
22370000 0
22380000 501500
22390000 500000
22400000 0
22410000 0
22420000 0
22430000 0
22440000 0
22450000 0
22460000 0
22470000 500000
22480000 0
22490000 0
22500000 0
22510000 501000
22520000 500000
22530000 499500
22540000 0
22550000 0
22560000 0
22570000 0
22580000 0
22590000 0
22600000 0
22610000 0
22620000 0
22630000 0
22640000 0
22650000 0
22660000 0
22670000 0
22680000 0
22690000 0
22700000 0
22710000 0
22720000 499500
22730000 0
22740000 500000
22750000 0
22760000 0
22770000 0
22780000 501000
22790000 500000
22800000 0
22810000 666666
22820000 0
22830000 0
22840000 0
22850000 0
22860000 0
22870000 0
22880000 0
22890000 0
22900000 0
22910000 0
22920000 0
22930000 0
22940000 0
22950000 0
22960000 0
22970000 0
22980000 0
22990000 0
23000000 0
23010000 500000
23020000 0
23030000 0
23040000 0
23050000 0
23060000 0
23070000 0
23080000 0
23090000 0
23100000 0
23110000 0
23120000 0
23130000 0
23140000 0
23150000 0
23160000 0
23170000 666666
23180000 0
23190000 0
23200000 0
23210000 0
23220000 0
23230000 0
23240000 666666
23250000 0
23260000 0
23270000 0
23280000 0
23290000 0
23300000 0
23310000 0
23320000 0
23330000 500000
23340000 0
23350000 0
23360000 0
23370000 0
23380000 0
23390000 499500
23400000 0
23410000 0
23420000 0
23430000 0
23440000 0
23450000 0
23460000 0
23470000 0
23480000 0
23490000 500500
23500000 0
23510000 0
23520000 0
23530000 0
23540000 0
23550000 0
23560000 0
23570000 0
23580000 0
23590000 501000
23600000 500000
23610000 0
23620000 0
23630000 0
23640000 0
23650000 0
23660000 0
23670000 500000
23680000 0
23690000 0
23700000 0
23710000 0
23720000 0
23730000 0
23740000 0
23750000 0
23760000 0
23770000 0
23780000 0
23790000 499000
23800000 0
23810000 0
23820000 0
23830000 499500
23840000 0
23850000 0
23860000 0
23870000 0
23880000 0
23890000 0
23900000 0
23910000 0
23920000 501000
23930000 0
23940000 499500
23950000 0
23960000 0
23970000 0
23980000 0
23990000 0
24000000 0
24010000 498000
24020000 0
24030000 0
24040000 0
24050000 0
24060000 0
24070000 0
24080000 0
24090000 0
24100000 0
24110000 0
24120000 0
24130000 0
24140000 0
24150000 0
24160000 0
24170000 0
24180000 0
24190000 0
24200000 0
24210000 0
24220000 0
24230000 0
24240000 0
24250000 0
24260000 500000
24270000 0
24280000 0
24290000 0
24300000 0
24310000 0
24320000 0
24330000 0
24340000 0
24350000 0
24360000 500000
24370000 0
24380000 0
24390000 0
24400000 0
24410000 500000
24420000 0
24430000 0
24440000 0
24450000 0
24460000 0
24470000 0
24480000 0
24490000 0
24500000 0
24510000 0
24520000 0
24530000 0
24540000 0
24550000 0
24560000 0
24570000 0
24580000 0
24590000 0
24600000 0
24610000 499500
24620000 0
24630000 0
24640000 0
24650000 667000
24660000 0
24670000 499500
24680000 0
24690000 0
24700000 0
24710000 0
24720000 0
24730000 0
24740000 0
24750000 0
24760000 0
24770000 0
24780000 500000
24790000 500000
24800000 0
24810000 0
24820000 0
24830000 0
24840000 500000
24850000 0
24860000 0
24870000 0
24880000 0
24890000 0
24900000 0
24910000 0
24920000 0
24930000 0
24940000 0
24950000 0
24960000 0
24970000 0
24980000 0
24990000 500500
25000000 0
25010000 0
25020000 0
25030000 0
25040000 0
25050000 0
25060000 0
25070000 0
25080000 0
25090000 0
25100000 0
25110000 0
25120000 0
25130000 0
25140000 0
25150000 0
25160000 0
25170000 499500
25180000 0
25190000 0
25200000 0
25210000 0
25220000 0
25230000 0
25240000 0
25250000 0
25260000 0
25270000 0
25280000 0
25290000 0
25300000 0
25310000 0
25320000 0
25330000 0
25340000 0
25350000 0
25360000 0
25370000 0
25380000 500000
25390000 0
25400000 500500
25410000 499000
25420000 0
25430000 500000
25440000 0
25450000 0
25460000 666666
25470000 500500
25480000 0
25490000 0
25500000 501000
25510000 0
25520000 0
25530000 0
25540000 0
25550000 0
25560000 0
25570000 0
25580000 0
25590000 0
25600000 0
25610000 0
25620000 0
25630000 0
25640000 0
25650000 0
25660000 500000
25670000 0
25680000 0
25690000 500000
25700000 0
25710000 0
25720000 0
25730000 0
25740000 0
25750000 0
25760000 0
25770000 0
25780000 0
25790000 0
25800000 0
25810000 0
25820000 0
25830000 500000
25840000 499500
25850000 0
25860000 0
25870000 0
25880000 0
25890000 0
25900000 0
25910000 0
25920000 0
25930000 0
25940000 500000
25950000 0
25960000 500000
25970000 0
25980000 0
25990000 500000
26000000 0
26010000 0
26020000 0
26030000 0
26040000 0
26050000 500000
26060000 0
26070000 0
26080000 500000
26090000 0
26100000 0
26110000 0
26120000 0
26130000 0
26140000 0
26150000 0
26160000 0
26170000 0
26180000 499500
26190000 0
26200000 0
26210000 0
26220000 0
26230000 0
26240000 0
26250000 0
26260000 0
26270000 0
26280000 499500
26290000 0
26300000 500000
26310000 0
26320000 500500
26330000 0
26340000 0
26350000 0
26360000 0
26370000 0
26380000 0
26390000 0
26400000 0
26410000 0
26420000 0
26430000 500500
26440000 501500
26450000 0
26460000 500000
26470000 0
26480000 500500
26490000 0
26500000 0
26510000 0
26520000 0
26530000 0
26540000 0
26550000 0
26560000 0
26570000 0
26580000 0
26590000 0
26600000 0
26610000 0
26620000 500500
26630000 0
26640000 0
26650000 0
26660000 0
26670000 0
26680000 0
26690000 0
26700000 0
26710000 0
26720000 0
26730000 0
26740000 500500
26750000 0
26760000 0
26770000 0
26780000 500500
26790000 0
26800000 0
26810000 0
26820000 0
26830000 0
26840000 0
26850000 0
26860000 500000
26870000 0
26880000 0
26890000 0
26900000 0
26910000 0
26920000 0
26930000 0
26940000 0
26950000 0
26960000 0
26970000 0
26980000 0
26990000 0
27000000 0
27010000 0
27020000 0
27030000 0
27040000 0
27050000 0
27060000 0
27070000 0
27080000 0
27090000 0
27100000 0
27110000 0
27120000 0
27130000 0
27140000 0
27150000 0
27160000 0
27170000 0
27180000 0
27190000 0
27200000 0
27210000 0
27220000 0
27230000 0
27240000 0
27250000 0
27260000 500000
27270000 500500
27280000 0
27290000 0
27300000 0
27310000 0
27320000 0
27330000 0
27340000 0
27350000 0
27360000 499000
27370000 0
27380000 0
27390000 0
27400000 0
27410000 0
27420000 0
27430000 0
27440000 0
27450000 0
27460000 500500
27470000 0
27480000 0
27490000 0
27500000 0
27510000 0
27520000 0
27530000 0
27540000 0
27550000 0
27560000 0
27570000 0
27580000 0
27590000 0
27600000 0
27610000 0
27620000 500000
27630000 0
27640000 499500
27650000 0
27660000 0
27670000 0
27680000 0
27690000 0
27700000 667666
27710000 0
27720000 0
27730000 0
27740000 0
27750000 0
27760000 0
27770000 0
27780000 0
27790000 0
27800000 0
27810000 0
27820000 0
27830000 0
27840000 0
27850000 0
27860000 0
27870000 499500
27880000 0
27890000 0
27900000 0
27910000 0
27920000 0
27930000 0
27940000 0
27950000 0
27960000 0
27970000 0
27980000 0
27990000 0
28000000 0
28010000 0
28020000 0
28030000 0
28040000 0
28050000 0
28060000 499500
28070000 0
28080000 0
28090000 0
28100000 0
28110000 0
28120000 500500
28130000 0
28140000 0
28150000 0
28160000 0
28170000 500000
28180000 0
28190000 0
28200000 0
28210000 0
28220000 0
28230000 0
28240000 0
28250000 500000
28260000 0
28270000 0
28280000 0
28290000 0
28300000 0
28310000 0
28320000 500000
28330000 0
28340000 0
28350000 0
28360000 0
28370000 0
28380000 0
28390000 0
28400000 500000
28410000 0
28420000 0
28430000 0
28440000 0
28450000 0
28460000 0
28470000 0
28480000 0
28490000 0
28500000 0
28510000 0
28520000 0
28530000 0
28540000 0
28550000 0
28560000 0
28570000 0
28580000 0
28590000 0
28600000 0
28610000 0
28620000 0
28630000 0
28640000 0
28650000 0
28660000 0
28670000 0
28680000 0
28690000 499500
28700000 0
28710000 0
28720000 501000
28730000 0
28740000 499500
28750000 0
28760000 0
28770000 0
28780000 0
28790000 0
28800000 0
28810000 0
28820000 0
28830000 0
28840000 0
28850000 0
28860000 0
28870000 0
28880000 0
28890000 0
28900000 0
28910000 500000
28920000 0
28930000 0
28940000 0
28950000 0
28960000 0
28970000 0
28980000 0
28990000 0
29000000 0
29010000 0
29020000 0
29030000 0
29040000 0
29050000 0
29060000 0
29070000 0
29080000 0
29090000 0
29100000 0
29110000 0
29120000 0
29130000 0
29140000 0
29150000 0
29160000 0
29170000 0
29180000 0
29190000 0
29200000 499500
29210000 0
29220000 0
29230000 0
29240000 500500
29250000 0
29260000 0
29270000 0
29280000 0
29290000 499000
29300000 0
29310000 0
29320000 0
29330000 0
29340000 0
29350000 0
29360000 500500
29370000 0
29380000 0
29390000 0
29400000 0
29410000 0
29420000 0
29430000 0
29440000 0
29450000 0
29460000 0
29470000 499000
29480000 0
29490000 0
29500000 0
29510000 500000
29520000 0
29530000 500000
29540000 0
29550000 0
29560000 0
29570000 499500
29580000 0
29590000 0
29600000 0
29610000 0
29620000 0
29630000 0
29640000 0
29650000 0
29660000 0
29670000 0
29680000 0
29690000 0
29700000 0
29710000 0
29720000 501000
29730000 0
29740000 0
29750000 500000
29760000 0
29770000 0
29780000 666333
29790000 0
29800000 0
29810000 500000
29820000 0
29830000 0
29840000 0
29850000 499500
29860000 0
29870000 0
29880000 0
29890000 0
29900000 0
29910000 0
29920000 667333
29930000 0
29940000 0
29950000 0
29960000 0
29970000 0
29980000 665666
29990000 0
30000000 0
30010000 500000
30020000 0
30030000 0
30040000 0
30050000 0
30060000 0
30070000 0
30080000 0
30090000 500000
30100000 0
30110000 0
30120000 0
30130000 0
30140000 0
30150000 500500
30160000 500000
30170000 0
30180000 0
30190000 0
30200000 666333
30210000 0
30220000 0
30230000 0
30240000 0
30250000 0
30260000 0
30270000 0
30280000 0
30290000 0
30300000 0
30310000 0
30320000 500000
30330000 0
30340000 0
30350000 0
30360000 0
30370000 0
30380000 0
30390000 499500
30400000 0
30410000 0
30420000 0
30430000 0
30440000 0
30450000 0
30460000 0
30470000 0
30480000 0
30490000 0
30500000 666333
30510000 499500
30520000 0
30530000 0
30540000 0
30550000 500000
30560000 0
30570000 0
30580000 0
30590000 0
30600000 0
30610000 0
30620000 0
30630000 0
30640000 0
30650000 0
30660000 0
30670000 499500
30680000 0
30690000 0
30700000 0
30710000 668333
30720000 0
30730000 0
30740000 0
30750000 0
30760000 0
30770000 0
30780000 0
30790000 0
30800000 0
30810000 498500
30820000 0
30830000 501000
30840000 0
30850000 0
30860000 0
30870000 0
30880000 500000
30890000 0
30900000 0
30910000 0
30920000 0
30930000 0
30940000 0
30950000 0
30960000 0
30970000 0
30980000 0
30990000 0
31000000 0
31010000 0
31020000 0
31030000 0
31040000 499500
31050000 0
31060000 0
31070000 0
31080000 0
31090000 0
31100000 0
31110000 0
31120000 0
31130000 0
31140000 0
31150000 0
31160000 0
31170000 0
31180000 0
31190000 0
31200000 0
31210000 0
31220000 500000
31230000 0
31240000 0
31250000 0
31260000 0
31270000 0
31280000 0
31290000 0
31300000 0
31310000 0
31320000 0
31330000 0
31340000 0
31350000 499500
31360000 0
31370000 0
31380000 0
31390000 0
31400000 500000
31410000 0
31420000 0
31430000 0
31440000 0
31450000 0
31460000 0
31470000 0
31480000 0
31490000 0
31500000 0
31510000 0
31520000 0
31530000 0
31540000 0
31550000 0
31560000 0
31570000 0
31580000 0
31590000 0
31600000 499500
31610000 0
31620000 0
31630000 0
31640000 0
31650000 0
31660000 0
31670000 0
31680000 0
31690000 0
31700000 0
31710000 0
31720000 499500
31730000 0
31740000 500000
31750000 0
31760000 0
31770000 0
31780000 499500
31790000 0
31800000 0
31810000 499500
31820000 0
31830000 0
31840000 0
31850000 0
31860000 0
31870000 0
31880000 0
31890000 0
31900000 0
31910000 500000
31920000 0
31930000 0
31940000 0
31950000 0
31960000 0
31970000 0
31980000 500500
31990000 0
32000000 0
32010000 499500
32020000 500000
32030000 0
32040000 0
32050000 500000
32060000 500500
32070000 666666
32080000 0
32090000 0
32100000 0
32110000 0
32120000 0
32130000 0
32140000 0
32150000 0
32160000 0
32170000 0
32180000 0
32190000 0
32200000 500500
32210000 0
32220000 0
32230000 0
32240000 0
32250000 0
32260000 0
32270000 0
32280000 0
32290000 0
32300000 0
32310000 0
32320000 501000
32330000 0
32340000 0
32350000 666333
32360000 0
32370000 0
32380000 500500
32390000 0
32400000 0
32410000 0
32420000 0
32430000 0
32440000 0
32450000 0
32460000 0
32470000 0
32480000 0
32490000 0
32500000 500500
32510000 0
32520000 0
32530000 499500
32540000 501000
32550000 0
32560000 500500
32570000 0
32580000 0
32590000 0
32600000 0
32610000 0
32620000 0
32630000 0
32640000 0
32650000 0
32660000 0
32670000 0
32680000 0
32690000 0
32700000 0
32710000 0
32720000 0
32730000 0
32740000 0
32750000 0
32760000 0
32770000 0
32780000 0
32790000 0
32800000 0
32810000 0
32820000 500000
32830000 0
32840000 0
32850000 0
32860000 0
32870000 0
32880000 0
32890000 499500
32900000 0
32910000 499500
32920000 0
32930000 0
32940000 0
32950000 0
32960000 0
32970000 500000
32980000 0
32990000 0
33000000 0
33010000 0
33020000 0
33030000 0
33040000 0
33050000 0
33060000 0
33070000 0
33080000 0
33090000 0
33100000 0
33110000 0
33120000 0
33130000 0
33140000 0
33150000 0
33160000 0
33170000 0
33180000 0
33190000 0
33200000 0
33210000 500000
33220000 0
33230000 499500
33240000 499500
33250000 0
33260000 500500
33270000 0
33280000 0
33290000 500000
33300000 0
33310000 0
33320000 0
33330000 0
33340000 0
33350000 0
33360000 0
33370000 0
33380000 0
33390000 0
33400000 0
33410000 0
33420000 0
33430000 0
33440000 0
33450000 0
33460000 0
33470000 0
33480000 0
33490000 0
33500000 500500
33510000 0
33520000 500500
33530000 0
33540000 0
33550000 0
33560000 0
33570000 0
33580000 0
33590000 0
33600000 0
33610000 500500
33620000 0
33630000 0
33640000 0
33650000 0
33660000 0
33670000 0
33680000 0
33690000 0
33700000 0
33710000 0
33720000 0
33730000 0
33740000 0
33750000 0
33760000 0
33770000 0
33780000 0
33790000 0
33800000 0
33810000 0
33820000 0
33830000 0
33840000 0
33850000 0
33860000 500500
33870000 0
33880000 503000
33890000 0
33900000 0
33910000 0
33920000 0
33930000 499500
33940000 0
33950000 0
33960000 0
33970000 0
33980000 0
33990000 0
34000000 0
34010000 0
34020000 0
34030000 0
34040000 0
34050000 0
34060000 0
34070000 0
34080000 500500
34090000 0
34100000 0
34110000 0
34120000 0
34130000 0
34140000 0
34150000 0
34160000 0
34170000 0
34180000 0
34190000 0
34200000 0
34210000 0
34220000 500000
34230000 0
34240000 0
34250000 0
34260000 0
34270000 0
34280000 0
34290000 0
34300000 499500
34310000 0
34320000 0
34330000 0
34340000 0
34350000 0
34360000 0
34370000 499500
34380000 0
34390000 500000
34400000 666666
34410000 0
34420000 0
34430000 0
34440000 0
34450000 0
34460000 500000
34470000 0
34480000 0
34490000 500500
34500000 0
34510000 0
34520000 500500
34530000 0
34540000 0
34550000 0
34560000 0
34570000 0
34580000 666333
34590000 0
34600000 0
34610000 0
34620000 500500
34630000 0
34640000 0
34650000 0
34660000 0
34670000 0
34680000 0
34690000 0
34700000 0
34710000 500000
34720000 0
34730000 0
34740000 499000
34750000 0
34760000 0
34770000 0
34780000 0
34790000 0
34800000 666333
34810000 0
34820000 500000
34830000 0
34840000 0
34850000 0
34860000 0
34870000 499500
34880000 0
34890000 0
34900000 0
34910000 0
34920000 0
34930000 500000
34940000 0
34950000 0
34960000 0
34970000 0
34980000 0
34990000 0
35000000 501000
35010000 0
35020000 0
35030000 0
35040000 0
35050000 0
35060000 0
35070000 0
35080000 500000
35090000 0
35100000 0
35110000 0
35120000 0
35130000 0
35140000 0
35150000 0
35160000 0
35170000 0
35180000 0
35190000 501000
35200000 0
35210000 0
35220000 666666
35230000 0
35240000 0
35250000 0
35260000 0
35270000 500500
35280000 0
35290000 0
35300000 0
35310000 0
35320000 0
35330000 0
35340000 0
35350000 0
35360000 0
35370000 0
35380000 0
35390000 0
35400000 0
35410000 0
35420000 0
35430000 0
35440000 0
35450000 0
35460000 0
35470000 0
35480000 0
35490000 0
35500000 0
35510000 503000
35520000 0
35530000 0
35540000 0
35550000 0
35560000 0
35570000 0
35580000 667000
35590000 0
35600000 0
35610000 0
35620000 0
35630000 0
35640000 0
35650000 0
35660000 0
35670000 0
35680000 0
35690000 0
35700000 0
35710000 0
35720000 0
35730000 0
35740000 501000
35750000 0
35760000 0
35770000 0
35780000 0
35790000 0
35800000 0
35810000 0
35820000 0
35830000 499500
35840000 0
35850000 0
35860000 499500
35870000 0
35880000 0
35890000 0
35900000 500000
35910000 0
35920000 0
35930000 0
35940000 0
35950000 0
35960000 0
35970000 0
35980000 0
35990000 0
36000000 0
36010000 0
36020000 0
36030000 0
36040000 500000
36050000 0
36060000 0
36070000 0
36080000 0
36090000 499500
36100000 500500
36110000 500000
36120000 0
36130000 0
36140000 0
36150000 0
36160000 0
36170000 0
36180000 0
36190000 667333
36200000 0
36210000 0
36220000 0
36230000 0
36240000 0
36250000 0
36260000 0
36270000 0
36280000 500000
36290000 0
36300000 0
36310000 500000
36320000 0
36330000 0
36340000 0
36350000 0
36360000 0
36370000 0
36380000 0
36390000 0
36400000 499500
36410000 0
36420000 0
36430000 0
36440000 0
36450000 0
36460000 511000
36470000 0
36480000 0
36490000 0
36500000 499500
36510000 497000
36520000 0
36530000 0
36540000 0
36550000 0
36560000 0
36570000 0
36580000 0
36590000 0
36600000 0
36610000 0
36620000 0
36630000 0
36640000 500000
36650000 0
36660000 0
36670000 0
36680000 0
36690000 0
36700000 0
36710000 500000
36720000 0
36730000 500000
36740000 0
36750000 0
36760000 0
36770000 0
36780000 0
36790000 0
36800000 0
36810000 0
36820000 499500
36830000 0
36840000 499500
36850000 0
36860000 0
36870000 0
36880000 0
36890000 0
36900000 500000
36910000 0
36920000 0
36930000 0
36940000 0
36950000 500000
36960000 0
36970000 0
36980000 500000
36990000 0
37000000 0
37010000 0
37020000 0
37030000 0
37040000 0
37050000 0
37060000 0
37070000 0
37080000 0
37090000 0
37100000 0
37110000 0
37120000 0
37130000 500000
37140000 0
37150000 0
37160000 0
37170000 500000
37180000 0
37190000 0
37200000 0
37210000 0
37220000 0
37230000 0
37240000 0
37250000 0
37260000 0
37270000 0
37280000 0
37290000 0
37300000 0
37310000 500500
37320000 0
37330000 0
37340000 0
37350000 0
37360000 0
37370000 0
37380000 0
37390000 0
37400000 0
37410000 0
37420000 0
37430000 0
37440000 0
37450000 498500
37460000 0
37470000 0
37480000 0
37490000 0
37500000 0
37510000 0
37520000 0
37530000 0
37540000 0
37550000 0
37560000 0
37570000 500000
37580000 500000
37590000 0
37600000 0
37610000 0
37620000 0
37630000 499000
37640000 0
37650000 491500
37660000 0
37670000 0
37680000 0
37690000 0
37700000 0
37710000 0
37720000 0
37730000 500500
37740000 0
37750000 0
37760000 0
37770000 0
37780000 0
37790000 0
37800000 0
37810000 0
37820000 0
37830000 0
37840000 0
37850000 0
37860000 0
37870000 0
37880000 0
37890000 0
37900000 0
37910000 0
37920000 0
37930000 0
37940000 0
37950000 0
37960000 0
37970000 0
37980000 0
37990000 0
38000000 0
38010000 499500
38020000 499500
38030000 0
38040000 0
38050000 0
38060000 505000
38070000 0
38080000 0
38090000 500500
38100000 0
38110000 0
38120000 0
38130000 0
38140000 0
38150000 667000
38160000 0
38170000 0
38180000 0
38190000 0
38200000 500000
38210000 0
38220000 500000
38230000 0
38240000 0
38250000 0
38260000 0
38270000 0
38280000 0
38290000 0
38300000 0
38310000 0
38320000 0
38330000 0
38340000 0
38350000 500000
38360000 0
38370000 0
38380000 750250
38390000 0
38400000 0
38410000 0
38420000 0
38430000 0
38440000 0
38450000 0
38460000 0
38470000 500500
38480000 0
38490000 0
38500000 0
38510000 498500
38520000 0
38530000 500500
38540000 0
38550000 499500
38560000 0
38570000 0
38580000 0
38590000 0
38600000 500500
38610000 0
38620000 0
38630000 0
38640000 0
38650000 500000
38660000 0
38670000 0
38680000 0
38690000 0
38700000 0
38710000 0
38720000 0
38730000 0
38740000 0
38750000 0
38760000 0
38770000 500500
38780000 0
38790000 500000
38800000 500500
38810000 0
38820000 0
38830000 0
38840000 0
38850000 0
38860000 0
38870000 0
38880000 0
38890000 500000
38900000 500000
38910000 0
38920000 0
38930000 0
38940000 499500
38950000 0
38960000 499500
38970000 500500
38980000 0
38990000 0
39000000 0
39010000 0
39020000 0
39030000 0
39040000 0
39050000 500000
39060000 0
39070000 500000
39080000 0
39090000 0
39100000 0
39110000 0
39120000 0
39130000 0
39140000 0
39150000 0
39160000 500500
39170000 0
39180000 0
39190000 0
39200000 0
39210000 0
39220000 0
39230000 0
39240000 500000
39250000 0
39260000 0
39270000 498500
39280000 0
39290000 498500
39300000 499500
39310000 500000
39320000 0
39330000 0
39340000 0
39350000 0
39360000 0
39370000 499500
39380000 0
39390000 499000
39400000 0
39410000 0
39420000 0
39430000 0
39440000 500500
39450000 0
39460000 500000
39470000 0
39480000 0
39490000 666000
39500000 0
39510000 0
39520000 0
39530000 0
39540000 500500
39550000 0
39560000 0
39570000 0
39580000 0
39590000 0
39600000 0
39610000 0
39620000 501500
39630000 0
39640000 0
39650000 0
39660000 0
39670000 500000
39680000 499500
39690000 0
39700000 0
39710000 0
39720000 0
39730000 0
39740000 0
39750000 0
39760000 0
39770000 0
39780000 0
39790000 0
39800000 0
39810000 0
39820000 500000
39830000 0
39840000 500500
39850000 0
39860000 0
39870000 0
39880000 500000
39890000 0
39900000 0
39910000 0
39920000 500500
39930000 500500
39940000 0
39950000 0
39960000 0
39970000 0
39980000 0
39990000 0
40000000 0
40010000 0
40020000 500000
40030000 0
40040000 0
40050000 0
40060000 500000
40070000 0
40080000 0
40090000 501000
40100000 0
40110000 0
40120000 0
40130000 0
40140000 0
40150000 0
40160000 0
40170000 504000
40180000 0
40190000 0
40200000 0
40210000 0
40220000 667000
40230000 0
40240000 499000
40250000 0
40260000 500000
40270000 0
40280000 666000
40290000 0
40300000 0
40310000 503500
40320000 0
40330000 500000
40340000 0
40350000 0
40360000 0
40370000 0
40380000 0
40390000 0
40400000 0
40410000 0
40420000 0
40430000 0
40440000 0
40450000 0
40460000 0
40470000 0
40480000 0
40490000 501000
40500000 0
40510000 0
40520000 0
40530000 0
40540000 0
40550000 0
40560000 0
40570000 0
40580000 0
40590000 0
40600000 0
40610000 0
40620000 0
40630000 0
40640000 0
40650000 0
40660000 0
40670000 0
40680000 0
40690000 0
40700000 0
40710000 0
40720000 0
40730000 0
40740000 0
40750000 0
40760000 0
40770000 498000
40780000 0
40790000 0
40800000 0
40810000 504000
40820000 0
40830000 0
40840000 0
40850000 0
40860000 0
40870000 0
40880000 501000
40890000 0
40900000 0
40910000 0
40920000 0
40930000 0
40940000 500500
40950000 0
40960000 501500
40970000 0
40980000 0
40990000 0
41000000 0
41010000 0
41020000 0
41030000 0
41040000 0
41050000 0
41060000 0
41070000 0
41080000 0
41090000 0
41100000 0
41110000 503500
41120000 500000
41130000 0
41140000 0
41150000 0
41160000 0
41170000 0
41180000 0
41190000 0
41200000 0
41210000 500500
41220000 0
41230000 0
41240000 0
41250000 0
41260000 500000
41270000 0
41280000 0
41290000 500500
41300000 0
41310000 671000
41320000 0
41330000 0
41340000 0
41350000 0
41360000 0
41370000 0
41380000 0
41390000 0
41400000 499500
41410000 0
41420000 0
41430000 0
41440000 0
41450000 0
41460000 0
41470000 0
41480000 0
41490000 0
41500000 0
41510000 0
41520000 0
41530000 0
41540000 0
41550000 500000
41560000 0
41570000 0
41580000 0
41590000 502000
41600000 0
41610000 0
41620000 0
41630000 666000
41640000 0
41650000 0
41660000 0
41670000 0
41680000 0
41690000 663333
41700000 0
41710000 0
41720000 500000
41730000 0
41740000 500500
41750000 0
41760000 0
41770000 500500
41780000 0
41790000 0
41800000 0
41810000 0
41820000 0
41830000 0
41840000 0
41850000 0
41860000 0
41870000 0
41880000 0
41890000 0
41900000 0
41910000 336666
41920000 0
41930000 0
41940000 500000
41950000 0
41960000 0
41970000 500000
41980000 0
41990000 500000
42000000 0
42010000 0
42020000 0
42030000 0
42040000 0
42050000 0
42060000 0
42070000 667000
42080000 501000
42090000 0
42100000 0
42110000 500000
42120000 0
42130000 0
42140000 0
42150000 499500
42160000 13500
42170000 0
42180000 501000
42190000 499500
42200000 500000
42210000 0
42220000 0
42230000 0
42240000 499500
42250000 0
42260000 0
42270000 502000
42280000 0
42290000 0
42300000 0
42310000 0
42320000 0
42330000 0
42340000 0
42350000 500000
42360000 0
42370000 0
42380000 0
42390000 500000
42400000 0
42410000 0
42420000 0
42430000 0
42440000 0
42450000 0
42460000 0
42470000 0
42480000 0
42490000 0
42500000 0
42510000 0
42520000 500000
42530000 0
42540000 0
42550000 0
42560000 0
42570000 0
42580000 0
42590000 0
42600000 0
42610000 500500
42620000 0
42630000 0
42640000 0
42650000 0
42660000 0
42670000 0
42680000 0
42690000 0
42700000 0
42710000 340000
42720000 500500
42730000 500000
42740000 0
42750000 500000
42760000 0
42770000 0
42780000 0
42790000 0
42800000 0
42810000 0
42820000 0
42830000 0
42840000 0
42850000 0
42860000 0
42870000 0
42880000 0
42890000 500000
42900000 0
42910000 500000
42920000 500000
42930000 0
42940000 0
42950000 0
42960000 0
42970000 0
42980000 750500
42990000 0
43000000 0
43010000 0
43020000 0
43030000 0
43040000 0
43050000 0
43060000 0
43070000 0
43080000 0
43090000 0
43100000 0
43110000 0
43120000 500000
43130000 5500
43140000 501000
43150000 0
43160000 0
43170000 0
43180000 0
43190000 500500
43200000 0
43210000 0
43220000 0
43230000 0
43240000 0
43250000 0
43260000 502000
43270000 0
43280000 0
43290000 0
43300000 501000
43310000 0
43320000 0
43330000 0
43340000 0
43350000 0
43360000 0
43370000 0
43380000 0
43390000 0
43400000 0
43410000 0
43420000 501000
43430000 0
43440000 0
43450000 0
43460000 0
43470000 667000
43480000 0
43490000 0
43500000 0
43510000 0
43520000 0
43530000 0
43540000 0
43550000 0
43560000 0
43570000 0
43580000 500500
43590000 0
43600000 0
43610000 0
43620000 0
43630000 0
43640000 0
43650000 0
43660000 0
43670000 0
43680000 0
43690000 0
43700000 0
43710000 0
43720000 0
43730000 0
43740000 0
43750000 0
43760000 0
43770000 0
43780000 0
43790000 0
43800000 497500
43810000 0
43820000 0
43830000 0
43840000 0
43850000 0
43860000 0
43870000 0
43880000 0
43890000 496500
43900000 0
43910000 0
43920000 0
43930000 0
43940000 0
43950000 0
43960000 0
43970000 0
43980000 668333
43990000 0
44000000 0
44010000 0
44020000 0
44030000 0
44040000 0
44050000 0
44060000 0
44070000 0
44080000 0
44090000 0
44100000 0
44110000 0
44120000 0
44130000 0
44140000 0
44150000 0
44160000 0
44170000 500500
44180000 0
44190000 0
44200000 0
44210000 0
44220000 0
44230000 0
44240000 0
44250000 0
44260000 0
44270000 500000
44280000 0
44290000 0
44300000 0
44310000 0
44320000 0
44330000 0
44340000 0
44350000 0
44360000 0
44370000 0
44380000 0
44390000 0
44400000 0
44410000 0
44420000 0
44430000 0
44440000 0
44450000 0
44460000 0
44470000 0
44480000 499500
44490000 0
44500000 0
44510000 500000
44520000 499500
44530000 0
44540000 0
44550000 0
44560000 500000
44570000 0
44580000 0
44590000 0
44600000 0
44610000 0
44620000 0
44630000 0
44640000 0
44650000 0
44660000 0
44670000 0
44680000 0
44690000 0
44700000 0
44710000 0
44720000 0
44730000 0
44740000 0
44750000 0
44760000 0
44770000 0
44780000 0
44790000 499500
44800000 0
44810000 0
44820000 0
44830000 0
44840000 0
44850000 0
44860000 0
44870000 500500
44880000 0
44890000 0
44900000 499500
44910000 0
44920000 0
44930000 0
44940000 0
44950000 500000
44960000 499500
44970000 0
44980000 0
44990000 0
45000000 0
45010000 500000
45020000 0
45030000 0
45040000 0
45050000 668333
45060000 0
45070000 0
45080000 0
45090000 0
45100000 0
45110000 500500
45120000 0
45130000 0
45140000 0
45150000 0
45160000 0
45170000 0
45180000 0
45190000 0
45200000 501000
45210000 0
45220000 0
45230000 0
45240000 0
45250000 0
45260000 0
45270000 0
45280000 0
45290000 0
45300000 0
45310000 0
45320000 0
45330000 0
45340000 0
45350000 0
45360000 0
45370000 0
45380000 0
45390000 0
45400000 0
45410000 0
45420000 500500
45430000 0
45440000 0
45450000 0
45460000 0
45470000 0
45480000 0
45490000 500000
45500000 0
45510000 0
45520000 0
45530000 500500
45540000 0
45550000 0
45560000 0
45570000 0
45580000 0
45590000 0
45600000 0
45610000 0
45620000 500500
45630000 0
45640000 0
45650000 0
45660000 0
45670000 0
45680000 0
45690000 0
45700000 0
45710000 0
45720000 0
45730000 0
45740000 0
45750000 668333
45760000 0
45770000 0
45780000 0
45790000 0
45800000 0
45810000 0
45820000 0
45830000 500000
45840000 501000
45850000 0
45860000 0
45870000 0
45880000 0
45890000 0
45900000 0
45910000 500000
45920000 0
45930000 0
45940000 0
45950000 0
45960000 0
45970000 500000
45980000 0
45990000 0
46000000 0
46010000 0
46020000 0
46030000 0
46040000 0
46050000 0
46060000 0
46070000 0
46080000 0
46090000 0
46100000 0
46110000 0
46120000 501500
46130000 500000
46140000 0
46150000 0
46160000 500000
46170000 0
46180000 0
46190000 0
46200000 0
46210000 0
46220000 0
46230000 0
46240000 0
46250000 0
46260000 0
46270000 499500
46280000 0
46290000 0
46300000 0
46310000 0
46320000 0
46330000 0
46340000 0
46350000 0
46360000 0
46370000 0
46380000 0
46390000 0
46400000 0
46410000 0
46420000 0
46430000 0
46440000 0
46450000 0
46460000 0
46470000 500000
46480000 0
46490000 499000
46500000 0
46510000 0
46520000 0
46530000 0
46540000 0
46550000 0
46560000 0
46570000 0
46580000 0
46590000 499500
46600000 0
46610000 0
46620000 0
46630000 0
46640000 0
46650000 0
46660000 0
46670000 0
46680000 500500
46690000 0
46700000 0
46710000 0
46720000 0
46730000 0
46740000 0
46750000 0
46760000 0
46770000 0
46780000 0
46790000 500500
46800000 500000
46810000 0
46820000 0
46830000 0
46840000 0
46850000 0
46860000 0
46870000 0
46880000 0
46890000 0
46900000 0
46910000 0
46920000 0
46930000 0
46940000 0
46950000 0
46960000 0
46970000 0
46980000 0
46990000 0
47000000 0
47010000 0
47020000 0
47030000 0
47040000 0
47050000 0
47060000 0
47070000 0
47080000 499500
47090000 0
47100000 0
47110000 0
47120000 0
47130000 0
47140000 0
47150000 0
47160000 0
47170000 0
47180000 0
47190000 0
47200000 0
47210000 0
47220000 0
47230000 0
47240000 0
47250000 500500
47260000 501000
47270000 0
47280000 0
47290000 0
47300000 0
47310000 0
47320000 0
47330000 0
47340000 0
47350000 0
47360000 0
47370000 0
47380000 0
47390000 0
47400000 0
47410000 0
47420000 0
47430000 0
47440000 500500
47450000 0
47460000 0
47470000 0
47480000 666000
47490000 0
47500000 0
47510000 0
47520000 0
47530000 0
47540000 0
47550000 0
47560000 0
47570000 0
47580000 499500
47590000 0
47600000 0
47610000 0
47620000 0
47630000 0
47640000 0
47650000 500000
47660000 0
47670000 0
47680000 0
47690000 0
47700000 0
47710000 0
47720000 0
47730000 0
47740000 0
47750000 0
47760000 0
47770000 0
47780000 0
47790000 0
47800000 0
47810000 500000
47820000 0
47830000 500000
47840000 0
47850000 0
47860000 0
47870000 0
47880000 0
47890000 0
47900000 0
47910000 0
47920000 0
47930000 0
47940000 0
47950000 499500
47960000 500500
47970000 0
47980000 0
47990000 0
48000000 0
48010000 0
48020000 0
48030000 0
48040000 499500
48050000 0
48060000 0
48070000 0
48080000 0
48090000 0
48100000 0
48110000 0
48120000 0
48130000 0
48140000 499000
48150000 0
48160000 0
48170000 0
48180000 0
48190000 0
48200000 0
48210000 0
48220000 0
48230000 0
48240000 0
48250000 0
48260000 0
48270000 0
48280000 0
48290000 500000
48300000 0
48310000 0
48320000 0
48330000 0
48340000 0
48350000 0
48360000 0
48370000 0
48380000 0
48390000 0
48400000 0
48410000 0
48420000 0
48430000 0
48440000 500500
48450000 0
48460000 0
48470000 500500
48480000 0
48490000 0
48500000 0
48510000 0
48520000 0
48530000 0
48540000 0
48550000 0
48560000 500000
48570000 0
48580000 0
48590000 500500
48600000 0
48610000 0
48620000 0
48630000 0
48640000 0
48650000 0
48660000 500500
48670000 0
48680000 500000
48690000 0
48700000 0
48710000 0
48720000 0
48730000 0
48740000 0
48750000 0
48760000 0
48770000 0
48780000 0
48790000 0
48800000 501000
48810000 0
48820000 0
48830000 0
48840000 0
48850000 0
48860000 0
48870000 0
48880000 0
48890000 0
48900000 0
48910000 0
48920000 0
48930000 0
48940000 0
48950000 0
48960000 0
48970000 500000
48980000 0
48990000 0
49000000 500000
49010000 0
49020000 0
49030000 0
49040000 0
49050000 0
49060000 0
49070000 0
49080000 0
49090000 0
49100000 0
49110000 0
49120000 0
49130000 0
49140000 0
49150000 0
49160000 0
49170000 0
49180000 0
49190000 0
49200000 0
49210000 0
49220000 0
49230000 0
49240000 0
49250000 0
49260000 666666
49270000 0
49280000 0
49290000 500000
49300000 500000
49310000 0
49320000 0
49330000 0
49340000 0
49350000 0
49360000 499000
49370000 0
49380000 0
49390000 0
49400000 0
49410000 0
49420000 0
49430000 0
49440000 0
49450000 0
49460000 0
49470000 0
49480000 0
49490000 0
49500000 0
49510000 0
49520000 0
49530000 0
49540000 0
49550000 0
49560000 0
49570000 0
49580000 0
49590000 0
49600000 0
49610000 0
49620000 499500
49630000 500500
49640000 0
49650000 0
49660000 0
49670000 0
49680000 0
49690000 0
49700000 0
49710000 0
49720000 0
49730000 500000
49740000 0
49750000 500000
49760000 0
49770000 0
49780000 500500
49790000 0
49800000 0
49810000 0
49820000 0
49830000 0
49840000 0
49850000 500500
49860000 0
49870000 0
49880000 0
49890000 0
49900000 0
49910000 667333
49920000 0
49930000 500000
49940000 0
49950000 0
49960000 0
49970000 0
49980000 0
49990000 0
50000000 0
50010000 0
50020000 500000
50030000 0
50040000 499500
50050000 0
50060000 0
50070000 0
50080000 0
50090000 0
50100000 0
50110000 0
50120000 0
50130000 0
50140000 0
50150000 0
50160000 0
50170000 0
50180000 500000
50190000 0
50200000 0
50210000 0
50220000 0
50230000 0
50240000 498500
50250000 0
50260000 0
50270000 0
50280000 0
50290000 0
50300000 0
50310000 499000
50320000 0
50330000 0
50340000 0
50350000 0
50360000 0
50370000 0
50380000 499500
50390000 0
50400000 0
50410000 0
50420000 0
50430000 0
50440000 500000
50450000 0
50460000 0
50470000 0
50480000 0
50490000 500000
50500000 0
50510000 0
50520000 0
50530000 0
50540000 0
50550000 0
50560000 500000
50570000 0
50580000 0
50590000 0
50600000 0
50610000 0
50620000 0
50630000 0
50640000 0
50650000 0
50660000 0
50670000 0
50680000 0
50690000 500500
50700000 0
50710000 0
50720000 0
50730000 0
50740000 0
50750000 499500
50760000 0
50770000 0
50780000 0
50790000 0
50800000 500000
50810000 0
50820000 0
50830000 0
50840000 0
50850000 499500
50860000 0
50870000 0
50880000 0
50890000 0
50900000 749500
50910000 0
50920000 0
50930000 0
50940000 0
50950000 0
50960000 0
50970000 0
50980000 0
50990000 481500
51000000 0
51010000 0
51020000 0
51030000 0
51040000 0
51050000 500000
51060000 0
51070000 0
51080000 0
51090000 0
51100000 0
51110000 0
51120000 0
51130000 0
51140000 0
51150000 500000
51160000 0
51170000 0
51180000 0
51190000 0
51200000 0
51210000 0
51220000 0
51230000 0
51240000 500000
51250000 499500
51260000 500000
51270000 500000
51280000 0
51290000 0
51300000 0
51310000 0
51320000 0
51330000 0
51340000 500500
51350000 0
51360000 0
51370000 0
51380000 0
51390000 0
51400000 0
51410000 0
51420000 0
51430000 0
51440000 0
51450000 0
51460000 0
51470000 499500
51480000 0
51490000 0
51500000 0
51510000 0
51520000 499500
51530000 490500
51540000 0
51550000 0
51560000 0
51570000 0
51580000 0
51590000 500500
51600000 0
51610000 0
51620000 500000
51630000 0
51640000 502000
51650000 0
51660000 0
51670000 0
51680000 500000
51690000 0
51700000 499000
51710000 0
51720000 0
51730000 0
51740000 0
51750000 0
51760000 0
51770000 0
51780000 0
51790000 0
51800000 0
51810000 0
51820000 0
51830000 0
51840000 0
51850000 0
51860000 0
51870000 0
51880000 0
51890000 0
51900000 0
51910000 0
51920000 500000
51930000 0
51940000 0
51950000 0
51960000 0
51970000 0
51980000 0
51990000 0
52000000 0
52010000 0
52020000 0
52030000 0
52040000 0
52050000 0
52060000 0
52070000 0
52080000 0
52090000 0
52100000 0
52110000 0
52120000 0
52130000 0
52140000 0
52150000 0
52160000 0
52170000 0
52180000 0
52190000 0
52200000 499500
52210000 0
52220000 0
52230000 501000
52240000 0
52250000 0
52260000 0
52270000 0
52280000 0
52290000 0
52300000 0
52310000 0
52320000 0
52330000 0
52340000 0
52350000 0
52360000 0
52370000 0
52380000 667666
52390000 0
52400000 0
52410000 0
52420000 0
52430000 0
52440000 0
52450000 0
52460000 0
52470000 0
52480000 0
52490000 0
52500000 0
52510000 0
52520000 0
52530000 0
52540000 0
52550000 0
52560000 0
52570000 502000
52580000 500000
52590000 0
52600000 0
52610000 0
52620000 0
52630000 0
52640000 0
52650000 0
52660000 0
52670000 0
52680000 0
52690000 0
52700000 0
52710000 0
52720000 0
52730000 0
52740000 0
52750000 0
52760000 500000
52770000 0
52780000 0
52790000 0
52800000 0
52810000 0
52820000 0
52830000 0
52840000 0
52850000 0
52860000 0
52870000 0
52880000 0
52890000 500000
52900000 0
52910000 0
52920000 0
52930000 0
52940000 0
52950000 0
52960000 0
52970000 0
52980000 500000
52990000 0
53000000 0
53010000 0
53020000 500000
53030000 500000
53040000 0
53050000 0
53060000 0
53070000 0
53080000 0
53090000 0
53100000 0
53110000 0
53120000 666333
53130000 0
53140000 0
53150000 0
53160000 0
53170000 500000
53180000 0
53190000 0
53200000 0
53210000 0
53220000 0
53230000 0
53240000 0
53250000 0
53260000 0
53270000 666666
53280000 0
53290000 0
53300000 500000
53310000 0
53320000 0
53330000 0
53340000 0
53350000 499000
53360000 0
53370000 0
53380000 0
53390000 0
53400000 500000
53410000 0
53420000 0
53430000 0
53440000 0
53450000 499500
53460000 0
53470000 0
53480000 0
53490000 0
53500000 0
53510000 500000
53520000 0
53530000 0
53540000 4000
53550000 0
53560000 0
53570000 0
53580000 0
53590000 500000
53600000 0
53610000 0
53620000 0
53630000 0
53640000 0
53650000 0
53660000 5000
53670000 0
53680000 0
53690000 0
53700000 498500
53710000 0
53720000 0
53730000 0
53740000 0
53750000 0
53760000 499500
53770000 0
53780000 0
53790000 0
53800000 0
53810000 0
53820000 0
53830000 0
53840000 0
53850000 500000
53860000 499500
53870000 0
53880000 0
53890000 0
53900000 0
53910000 0
53920000 0
53930000 0
53940000 0
53950000 0
53960000 0
53970000 0
53980000 0
53990000 0
54000000 0
54010000 0
54020000 0
54030000 500000
54040000 0
54050000 0
54060000 0
54070000 0
54080000 0
54090000 500000
54100000 0
54110000 0
54120000 0
54130000 0
54140000 0
54150000 0
54160000 0
54170000 0
54180000 500000
54190000 0
54200000 500000
54210000 0
54220000 503500
54230000 0
54240000 0
54250000 0
54260000 500000
54270000 0
54280000 0
54290000 0
54300000 0
54310000 0
54320000 0
54330000 0
54340000 0
54350000 0
54360000 0
54370000 0
54380000 0
54390000 0
54400000 0
54410000 501000
54420000 0
54430000 500000
54440000 0
54450000 0
54460000 0
54470000 0
54480000 499500
54490000 0
54500000 0
54510000 0
54520000 499500
54530000 666666
54540000 0
54550000 500000
54560000 0
54570000 0
54580000 0
54590000 500500
54600000 0
54610000 0
54620000 0
54630000 500500
54640000 0
54650000 0
54660000 0
54670000 0
54680000 0
54690000 0
54700000 0
54710000 0
54720000 0
54730000 0
54740000 0
54750000 0
54760000 0
54770000 500500
54780000 0
54790000 0
54800000 0
54810000 0
54820000 0
54830000 0
54840000 0
54850000 0
54860000 500000
54870000 500500
54880000 0
54890000 0
54900000 0
54910000 0
54920000 0
54930000 0
54940000 0
54950000 0
54960000 0
54970000 0
54980000 0
54990000 0
55000000 0
55010000 0
55020000 500500
55030000 0
55040000 0
55050000 0
55060000 500000
55070000 0
55080000 0
55090000 0
55100000 500500
55110000 0
55120000 0
55130000 0
55140000 500000
55150000 0
55160000 500000
55170000 0
55180000 0
55190000 0
55200000 0
55210000 500000
55220000 0
55230000 0
55240000 0
55250000 0
55260000 0
55270000 500000
55280000 0
55290000 0
55300000 0
55310000 0
55320000 0
55330000 667333
55340000 0
55350000 0
55360000 0
55370000 0
55380000 501500
55390000 0
55400000 0
55410000 0
55420000 0
55430000 0
55440000 0
55450000 0
55460000 0
55470000 0
55480000 0
55490000 0
55500000 0
55510000 499500
55520000 0
55530000 0
55540000 0
55550000 0
55560000 0
55570000 0
55580000 0
55590000 0
55600000 0
55610000 0
55620000 0
55630000 0
55640000 0
55650000 0
55660000 0
55670000 0
55680000 0
55690000 0
55700000 0
55710000 500500
55720000 0
55730000 0
55740000 0
55750000 0
55760000 0
55770000 0
55780000 0
55790000 0
55800000 0
55810000 0
55820000 0
55830000 0
55840000 500000
55850000 0
55860000 0
55870000 0
55880000 0
55890000 0
55900000 0
55910000 497000
55920000 0
55930000 0
55940000 0
55950000 0
55960000 0
55970000 0
55980000 0
55990000 0
56000000 0
56010000 0
56020000 0
56030000 0
56040000 0
56050000 499000
56060000 0
56070000 0
56080000 0
56090000 0
56100000 0
56110000 0
56120000 0
56130000 500000
56140000 0
56150000 500000
56160000 0
56170000 0
56180000 500000
56190000 0
56200000 0
56210000 0
56220000 0
56230000 0
56240000 0
56250000 0
56260000 0
56270000 0
56280000 0
56290000 0
56300000 0
56310000 0
56320000 0
56330000 0
56340000 0
56350000 0
56360000 0
56370000 0
56380000 0
56390000 0
56400000 0
56410000 0
56420000 0
56430000 0
56440000 0
56450000 0
56460000 0
56470000 0
56480000 0
56490000 0
56500000 0
56510000 0
56520000 0
56530000 0
56540000 501500
56550000 0
56560000 0
56570000 0
56580000 500000
56590000 0
56600000 0
56610000 0
56620000 0
56630000 0
56640000 0
56650000 0
56660000 500500
56670000 0
56680000 0
56690000 0
56700000 0
56710000 0
56720000 0
56730000 0
56740000 0
56750000 499000
56760000 0
56770000 499500
56780000 0
56790000 0
56800000 0
56810000 0
56820000 0
56830000 0
56840000 500500
56850000 0
56860000 0
56870000 0
56880000 0
56890000 0
56900000 0
56910000 0
56920000 0
56930000 502000
56940000 0
56950000 0
56960000 500000
56970000 0
56980000 0
56990000 0
57000000 0
57010000 500500
57020000 0
57030000 0
57040000 0
57050000 0
57060000 0
57070000 500500
57080000 0
57090000 0
57100000 0
57110000 0
57120000 0
57130000 0
57140000 0
57150000 499500
57160000 0
57170000 0
57180000 500000
57190000 500000
57200000 499000
57210000 0
57220000 0
57230000 500000
57240000 498500
57250000 0
57260000 0
57270000 497500
57280000 0
57290000 0
57300000 0
57310000 0
57320000 0
57330000 0
57340000 0
57350000 666666
57360000 0
57370000 0
57380000 0
57390000 0
57400000 0
57410000 0
57420000 0
57430000 0
57440000 0
57450000 0
57460000 0
57470000 0
57480000 0
57490000 0
57500000 0
57510000 0
57520000 0
57530000 501000
57540000 0
57550000 0
57560000 0
57570000 0
57580000 0
57590000 0
57600000 0
57610000 0
57620000 0
57630000 0
57640000 0
57650000 0
57660000 0
57670000 0
57680000 0
57690000 0
57700000 0
57710000 0
57720000 0
57730000 0
57740000 0
57750000 0
57760000 0
57770000 0
57780000 0
57790000 0
57800000 0
57810000 0
57820000 0
57830000 0
57840000 0
57850000 500000
57860000 0
57870000 0
57880000 0
57890000 0
57900000 0
57910000 0
57920000 500000
57930000 0
57940000 500000
57950000 0
57960000 0
57970000 500500
57980000 0
57990000 499500
58000000 0
58010000 0
58020000 0
58030000 0
58040000 0
58050000 0
58060000 0
58070000 0
58080000 0
58090000 500000
58100000 500500
58110000 0
58120000 0
58130000 500000
58140000 0
58150000 0
58160000 0
58170000 667000
58180000 0
58190000 0
58200000 0
58210000 0
58220000 0
58230000 0
58240000 500000
58250000 500500
58260000 500500
58270000 0
58280000 0
58290000 0
58300000 500000
58310000 0
58320000 0
58330000 500000
58340000 0
58350000 0
58360000 0
58370000 0
58380000 500500
58390000 0
58400000 0
58410000 0
58420000 0
58430000 0
58440000 0
58450000 0
58460000 0
58470000 0
58480000 0
58490000 0
58500000 0
58510000 0
58520000 0
58530000 0
58540000 0
58550000 0
58560000 0
58570000 0
58580000 0
58590000 0
58600000 0
58610000 0
58620000 500000
58630000 0
58640000 0
58650000 0
58660000 500500
58670000 500500
58680000 0
58690000 0
58700000 0
58710000 0
58720000 0
58730000 0
58740000 0
58750000 0
58760000 0
58770000 0
58780000 0
58790000 0
58800000 0
58810000 0
58820000 0
58830000 500500
58840000 0
58850000 0
58860000 0
58870000 0
58880000 0
58890000 0
58900000 0
58910000 0
58920000 500000
58930000 500500
58940000 0
58950000 0
58960000 0
58970000 0
58980000 0
58990000 0
59000000 499000
59010000 0
59020000 0
59030000 0
59040000 500500
59050000 0
59060000 0
59070000 0
59080000 0
59090000 0
59100000 0
59110000 0
59120000 499500
59130000 0
59140000 0
59150000 0
59160000 0
59170000 0
59180000 799800
59190000 0
59200000 501000
59210000 0
59220000 0
59230000 0
59240000 0
59250000 500000
59260000 0
59270000 0
59280000 500000
59290000 0
59300000 500500
59310000 0
59320000 0
59330000 0
59340000 0
59350000 500500
59360000 0
59370000 0
59380000 0
59390000 0
59400000 500500
59410000 0
59420000 0
59430000 0
59440000 0
59450000 0
59460000 501000
59470000 0
59480000 0
59490000 0
59500000 0
59510000 500500
59520000 0
59530000 0
59540000 0
59550000 500000
59560000 0
59570000 0
59580000 0
59590000 0
59600000 0
59610000 0
59620000 0
59630000 0
59640000 0
59650000 0
59660000 0
59670000 0
59680000 0
59690000 0
59700000 0
59710000 0
59720000 0
59730000 0
59740000 0
59750000 0
59760000 0
59770000 0
59780000 0
59790000 502500
59800000 0
59810000 0
59820000 0
59830000 0
59840000 0
59850000 0
59860000 0
59870000 0
59880000 0
59890000 0
59900000 667333
59910000 0
59920000 0
59930000 0
59940000 0
59950000 0
59960000 0
59970000 0
59980000 0
59990000 0
60000000 500500
60010000 0
60020000 0
60030000 0
60040000 0
60050000 0
60060000 0
60070000 0
60080000 0
60090000 0
60100000 0
60110000 0
60120000 0
60130000 0
60140000 0
60150000 0
60160000 0
60170000 0
60180000 0
60190000 0
60200000 0
60210000 0
60220000 0
60230000 0
60240000 0
60250000 0
60260000 500500
60270000 0
60280000 499500
60290000 0
60300000 0
60310000 0
60320000 0
60330000 0
60340000 0
60350000 0
60360000 500000
60370000 0
60380000 0
60390000 0
60400000 0
60410000 0
60420000 0
60430000 0
60440000 0
60450000 0
60460000 0
60470000 0
60480000 0
60490000 0
60500000 0
60510000 0
60520000 0
60530000 0
60540000 500500
60550000 0
60560000 0
60570000 0
60580000 500000
60590000 0
60600000 0
60610000 0
60620000 0
60630000 499000
60640000 0
60650000 500000
60660000 0
60670000 0
60680000 0
60690000 0
60700000 0
60710000 0
60720000 0
60730000 500500
60740000 500000
60750000 0
60760000 0
60770000 0
60780000 0
60790000 0
60800000 0
60810000 0
60820000 500500
60830000 0
60840000 0
60850000 0
60860000 0
60870000 0
60880000 0
60890000 0
60900000 0
60910000 0
60920000 0
60930000 0
60940000 0
60950000 0
60960000 0
60970000 0
60980000 0
60990000 0
61000000 0
61010000 0
61020000 0
61030000 0
61040000 0
61050000 0
61060000 0
61070000 0
61080000 0
61090000 0
61100000 0
61110000 0
61120000 0
61130000 0
61140000 0
61150000 0
61160000 0
61170000 0
61180000 0
61190000 500500
61200000 502000
61210000 750500
61220000 0
61230000 0
61240000 0
61250000 0
61260000 0
61270000 0
61280000 0
61290000 0
61300000 0
61310000 0
61320000 0
61330000 0
61340000 0
61350000 0
61360000 0
61370000 500000
61380000 0
61390000 0
61400000 0
61410000 0
61420000 0
61430000 0
61440000 0
61450000 0
61460000 500000
61470000 0
61480000 0
61490000 0
61500000 0
61510000 0
61520000 0
61530000 0
61540000 499500
61550000 0
61560000 0
61570000 0
61580000 0
61590000 0
61600000 0
61610000 0
61620000 0
61630000 500500
61640000 0
61650000 500500
61660000 0
61670000 0
61680000 0
61690000 0
61700000 0
61710000 0
61720000 0
61730000 0
61740000 0
61750000 0
61760000 0
61770000 0
61780000 0
61790000 0
61800000 0
61810000 0
61820000 0
61830000 500000
61840000 0
61850000 0
61860000 0
61870000 0
61880000 0
61890000 0
61900000 0
61910000 0
61920000 0
61930000 0
61940000 0
61950000 0
61960000 0
61970000 0
61980000 0
61990000 0
62000000 0
62010000 0
62020000 0
62030000 0
62040000 0
62050000 0
62060000 0
62070000 0
62080000 0
62090000 0
62100000 0
62110000 0
62120000 0
62130000 0
62140000 0
62150000 0
62160000 0
62170000 0
62180000 0
62190000 0
62200000 0
62210000 0
62220000 0
62230000 0
62240000 0
62250000 0
62260000 0
62270000 0
62280000 500000
62290000 0
62300000 0
62310000 0
62320000 0
62330000 0
62340000 0
62350000 0
62360000 0
62370000 0
62380000 0
62390000 0
62400000 0
62410000 0
62420000 0
62430000 0
62440000 0
62450000 0
62460000 0
62470000 0
62480000 0
62490000 667000
62500000 0
62510000 0
62520000 0
62530000 0
62540000 0
62550000 0
62560000 0
62570000 0
62580000 501000
62590000 0
62600000 0
62610000 0
62620000 0
62630000 0
62640000 0
62650000 0
62660000 0
62670000 0
62680000 0
62690000 0
62700000 0
62710000 0
62720000 0
62730000 0
62740000 500000
62750000 0
62760000 0
62770000 0
62780000 0
62790000 0
62800000 0
62810000 0
62820000 0
62830000 0
62840000 0
62850000 0
62860000 0
62870000 0
62880000 0
62890000 0
62900000 0
62910000 0
62920000 0
62930000 0
62940000 0
62950000 499500
62960000 0
62970000 0
62980000 0
62990000 0
63000000 0
63010000 0
63020000 0
63030000 0
63040000 0
63050000 0
63060000 0
63070000 500500
63080000 0
63090000 0
63100000 0
63110000 0
63120000 0
63130000 0
63140000 0
63150000 0
63160000 500500
63170000 500500
63180000 0
63190000 0
63200000 0
63210000 0
63220000 0
63230000 0
63240000 0
63250000 0
63260000 0
63270000 500500
63280000 0
63290000 0
63300000 0
63310000 0
63320000 0
63330000 0
63340000 0
63350000 0
63360000 0
63370000 0
63380000 0
63390000 0
63400000 0
63410000 0
63420000 0
63430000 0
63440000 0
63450000 0
63460000 0
63470000 0
63480000 0
63490000 501000
63500000 0
63510000 0
63520000 0
63530000 499000
63540000 0
63550000 0
63560000 0
63570000 0
63580000 500000
63590000 0
63600000 0
63610000 0
63620000 0
63630000 500000
63640000 0
63650000 0
63660000 0
63670000 0
63680000 0
63690000 0
63700000 500000
63710000 0
63720000 500000
63730000 499500
63740000 0
63750000 500500
63760000 0
63770000 0
63780000 0
63790000 0
63800000 0
63810000 0
63820000 0
63830000 0
63840000 0
63850000 0
63860000 0
63870000 0
63880000 0
63890000 0
63900000 500500
63910000 0
63920000 0
63930000 500500
63940000 0
63950000 0
63960000 0
63970000 495000
63980000 499000
63990000 500500
64000000 0
64010000 0
64020000 0
64030000 0
64040000 0
64050000 0
64060000 0
64070000 0
64080000 0
64090000 666333
64100000 499500
64110000 500000
64120000 0
64130000 0
64140000 0
64150000 0
64160000 0
64170000 0
64180000 0
64190000 0
64200000 0
64210000 0
64220000 0
64230000 0
64240000 0
64250000 0
64260000 0
64270000 0
64280000 0
64290000 0
64300000 0
64310000 500500
64320000 0
64330000 0
64340000 0
64350000 0
64360000 0
64370000 0
64380000 500000
64390000 0
64400000 0
64410000 0
64420000 0
64430000 0
64440000 0
64450000 499500
64460000 0
64470000 0
64480000 0
64490000 0
64500000 500000
64510000 0
64520000 0
64530000 663000
64540000 0
64550000 0
64560000 0
64570000 0
64580000 0
64590000 0
64600000 0
64610000 0
64620000 0
64630000 0
64640000 0
64650000 0
64660000 0
64670000 0
64680000 0
64690000 0
64700000 0
64710000 0
64720000 0
64730000 0
64740000 0
64750000 0
64760000 0
64770000 500000
64780000 0
64790000 0
64800000 0
64810000 0
64820000 0
64830000 0
64840000 0
64850000 0
64860000 0
64870000 0
64880000 0
64890000 0
64900000 0
64910000 0
64920000 0
64930000 0
64940000 0
64950000 0
64960000 500500
64970000 0
64980000 0
64990000 0
65000000 0
65010000 0
65020000 0
65030000 0
65040000 0
65050000 0
65060000 0
65070000 666666
65080000 0
65090000 0
65100000 0
65110000 0
65120000 500000
65130000 500000
65140000 0
65150000 0
65160000 0
65170000 500500
65180000 0
65190000 0
65200000 0
65210000 0
65220000 0
65230000 0
65240000 0
65250000 0
65260000 0
65270000 0
65280000 0
65290000 0
65300000 0
65310000 0
65320000 0
65330000 0
65340000 0
65350000 0
65360000 0
65370000 0
65380000 0
65390000 0
65400000 0
65410000 0
65420000 0
65430000 0
65440000 0
65450000 0
65460000 0
65470000 499000
65480000 0
65490000 0
65500000 499500
65510000 0
65520000 0
65530000 0
65540000 0
65550000 499500
65560000 0
65570000 0
65580000 0
65590000 500000
65600000 0
65610000 0
65620000 0
65630000 0
65640000 0
65650000 500000
65660000 0
65670000 0
65680000 500500
65690000 0
65700000 0
65710000 0
65720000 0
65730000 500000
65740000 500500
65750000 500000
65760000 0
65770000 0
65780000 0
65790000 0
65800000 0
65810000 0
65820000 0
65830000 0
65840000 0
65850000 0
65860000 0
65870000 0
65880000 0
65890000 0
65900000 0
65910000 0
65920000 0
65930000 0
65940000 0
65950000 0
65960000 0
65970000 0
65980000 0
65990000 0
66000000 0
66010000 0
66020000 500000
66030000 0
66040000 0
66050000 0
66060000 0
66070000 0
66080000 0
66090000 0
66100000 0
66110000 0
66120000 0
66130000 0
66140000 0
66150000 0
66160000 0
66170000 0
66180000 0
66190000 0
66200000 499500
66210000 0
66220000 0
66230000 0
66240000 498000
66250000 0
66260000 0
66270000 500500
66280000 0
66290000 499500
66300000 0
66310000 0
66320000 500500
66330000 0
66340000 0
66350000 0
66360000 0
66370000 0
66380000 0
66390000 0
66400000 500000
66410000 0
66420000 0
66430000 0
66440000 0
66450000 0
66460000 0
66470000 0
66480000 0
66490000 0
66500000 0
66510000 500000
66520000 0
66530000 0
66540000 0
66550000 0
66560000 0
66570000 0
66580000 0
66590000 0
66600000 0
66610000 0
66620000 0
66630000 0
66640000 0
66650000 0
66660000 0
66670000 0
66680000 0
66690000 0
66700000 0
66710000 0
66720000 0
66730000 0
66740000 0
66750000 0
66760000 0
66770000 0
66780000 500000
66790000 0
66800000 0
66810000 0
66820000 0
66830000 0
66840000 0
66850000 0
66860000 0
66870000 0
66880000 0
66890000 0
66900000 0
66910000 0
66920000 0
66930000 500500
66940000 500000
66950000 0
66960000 0
66970000 0
66980000 0
66990000 0
67000000 0
67010000 501000
67020000 0
67030000 0
67040000 0
67050000 0
67060000 0
67070000 0
67080000 0
67090000 0
67100000 0
67110000 500000
67120000 0
67130000 0
67140000 0
67150000 0
67160000 0
67170000 0
67180000 0
67190000 0
67200000 0
67210000 0
67220000 0
67230000 0
67240000 0
67250000 0
67260000 0
67270000 0
67280000 0
67290000 0
67300000 0
67310000 0
67320000 0
67330000 0
67340000 500000
67350000 0
67360000 500500
67370000 0
67380000 500500
67390000 0
67400000 500000
67410000 0
67420000 0
67430000 499500
67440000 0
67450000 0
67460000 0
67470000 499500
67480000 0
67490000 0
67500000 0
67510000 0
67520000 0
67530000 0
67540000 0
67550000 0
67560000 0
67570000 0
67580000 0
67590000 0
67600000 0
67610000 500000
67620000 0
67630000 0
67640000 0
67650000 0
67660000 0
67670000 0
67680000 0
67690000 500500
67700000 0
67710000 0
67720000 0
67730000 0
67740000 0
67750000 0
67760000 0
67770000 0
67780000 0
67790000 0
67800000 0
67810000 0
67820000 667333
67830000 0
67840000 0
67850000 499500
67860000 0
67870000 0
67880000 0
67890000 0
67900000 0
67910000 0
67920000 0
67930000 500000
67940000 0
67950000 0
67960000 0
67970000 0
67980000 0
67990000 0
68000000 0
68010000 0
68020000 667333
68030000 0
68040000 0
68050000 0
68060000 0
68070000 0
68080000 0
68090000 0
68100000 0
68110000 500500
68120000 0
68130000 0
68140000 0
68150000 0
68160000 0
68170000 0
68180000 500000
68190000 0
68200000 0
68210000 0
68220000 0
68230000 0
68240000 0
68250000 0
68260000 0
68270000 0
68280000 0
68290000 0
68300000 0
68310000 0
68320000 0
68330000 504000
68340000 0
68350000 0
68360000 501000
68370000 0
68380000 0
68390000 0
68400000 0
68410000 0
68420000 0
68430000 0
68440000 0
68450000 0
68460000 0
68470000 0
68480000 0
68490000 0
68500000 0
68510000 0
68520000 0
68530000 0
68540000 500000
68550000 0
68560000 500500
68570000 0
68580000 0
68590000 0
68600000 0
68610000 500500
68620000 0
68630000 0
68640000 0
68650000 0
68660000 748250
68670000 0
68680000 0
68690000 0
68700000 0
68710000 0
68720000 0
68730000 0
68740000 0
68750000 0
68760000 0
68770000 0
68780000 500000
68790000 0
68800000 0
68810000 0
68820000 0
68830000 0
68840000 0
68850000 0
68860000 0
68870000 500000
68880000 0
68890000 0
68900000 500000
68910000 0
68920000 0
68930000 0
68940000 0
68950000 500000
68960000 0
68970000 0
68980000 0
68990000 0
69000000 0
69010000 0
69020000 0
69030000 0
69040000 0
69050000 0
69060000 0
69070000 0
69080000 0
69090000 0
69100000 0
69110000 0
69120000 501000
69130000 0
69140000 0
69150000 0
69160000 0
69170000 0
69180000 501500
69190000 0
69200000 500500
69210000 0
69220000 0
69230000 0
69240000 0
69250000 499000
69260000 0
69270000 0
69280000 0
69290000 0
69300000 0
69310000 0
69320000 0
69330000 0
69340000 0
69350000 500000
69360000 0
69370000 0
69380000 0
69390000 0
69400000 0
69410000 502000
69420000 0
69430000 0
69440000 0
69450000 0
69460000 0
69470000 0
69480000 0
69490000 0
69500000 0
69510000 0
69520000 0
69530000 0
69540000 0
69550000 0
69560000 0
69570000 500500
69580000 0
69590000 0
69600000 0
69610000 0
69620000 0
69630000 499000
69640000 0
69650000 0
69660000 0
69670000 0
69680000 0
69690000 0
69700000 0
69710000 0
69720000 0
69730000 0
69740000 0
69750000 500500
69760000 0
69770000 0
69780000 0
69790000 0
69800000 500000
69810000 0
69820000 0
69830000 0
69840000 0
69850000 499500
69860000 0
69870000 0
69880000 0
69890000 0
69900000 0
69910000 0
69920000 500000
69930000 750750
69940000 0
69950000 0
69960000 0
69970000 501000
69980000 0
69990000 0
70000000 0
70010000 0
70020000 0
70030000 500000
70040000 0
70050000 0
70060000 666666
70070000 499500
70080000 0
70090000 500000
70100000 0
70110000 0
70120000 0
70130000 0
70140000 667333
70150000 500000
70160000 0
70170000 0
70180000 0
